time solved
0.004491 0
0.008399 1
0.008681 2
0.009501 3
0.009822 4
0.010327 5
0.010661 6
0.010824 7
0.011465 8
0.011601 9
0.012428 10
0.014228 11
0.014629 12
0.019849 13
0.022923 14
0.027103 15
0.031927 16
0.032464 17
0.032679 18
0.032688 19
0.033376 20
0.034371 21
0.034478 22
0.035198 23
0.03521 24
0.035854 25
0.036376 26
0.037912 27
0.038633 28
0.038847 29
0.038929 30
0.039329 31
0.039584 32
0.039749 33
0.039932 34
0.040158 35
0.040556 36
0.040561 37
0.040715 38
0.040894 39
0.040924 40
0.041056 41
0.041175 42
0.041354 43
0.041986 44
0.042129 45
0.042304 46
0.042447 47
0.042495 48
0.042854 49
0.043021 50
0.043408 51
0.043487 52
0.043592 53
0.04375 54
0.043958 55
0.044029 56
0.044354 57
0.044529 58
0.044656 59
0.045028 60
0.045244 61
0.0454 62
0.045554 63
0.045622 64
0.045952 65
0.04604 66
0.046153 67
0.046195 68
0.046544 69
0.046623 70
0.046782 71
0.046858 72
0.046874 73
0.047062 74
0.047328 75
0.047448 76
0.047508 77
0.04771 78
0.047872 79
0.047932 80
0.047939 81
0.04797 82
0.048206 83
0.048287 84
0.048313 85
0.048321 86
0.048354 87
0.048406 88
0.048472 89
0.048548 90
0.048557 91
0.048651 92
0.049243 93
0.049759 94
0.049839 95
0.049876 96
0.049878 97
0.05003 98
0.050376 99
0.050416 100
0.050521 101
0.050639 102
0.050824 103
0.051062 104
0.051074 105
0.051168 106
0.051173 107
0.051377 108
0.051633 109
0.051636 110
0.051673 111
0.05176 112
0.051849 113
0.051861 114
0.051874 115
0.051896 116
0.051954 117
0.051963 118
0.052013 119
0.05206 120
0.052082 121
0.052148 122
0.052227 123
0.052318 124
0.05233 125
0.052716 126
0.053525 127
0.053588 128
0.053703 129
0.053712 130
0.053744 131
0.053844 132
0.053925 133
0.053948 134
0.054035 135
0.054256 136
0.054274 137
0.054287 138
0.054394 139
0.054483 140
0.054597 141
0.054608 142
0.05461 143
0.054689 144
0.054866 145
0.054908 146
0.054952 147
0.055032 148
0.055046 149
0.055128 150
0.055267 151
0.055295 152
0.055407 153
0.055434 154
0.055566 155
0.055593 156
0.055604 157
0.055736 158
0.055856 159
0.055987 160
0.056196 161
0.056275 162
0.056316 163
0.05637 164
0.056386 165
0.056476 166
0.056721 167
0.056789 168
0.056907 169
0.056911 170
0.057143 171
0.057184 172
0.057186 173
0.057229 174
0.057328 175
0.057436 176
0.057629 177
0.057666 178
0.057672 179
0.05768 180
0.057752 181
0.057791 182
0.057915 183
0.057918 184
0.058003 185
0.058116 186
0.058205 187
0.058245 188
0.058556 189
0.058612 190
0.058673 191
0.058726 192
0.059037 193
0.059374 194
0.059674 195
0.059772 196
0.059862 197
0.059912 198
0.059926 199
0.059953 200
0.06014 201
0.060252 202
0.06035 203
0.060394 204
0.060397 205
0.060469 206
0.060519 207
0.060553 208
0.060563 209
0.060613 210
0.060742 211
0.060752 212
0.060949 213
0.06102 214
0.061323 215
0.061367 216
0.06175 217
0.06177 218
0.061905 219
0.061983 220
0.062125 221
0.062126 222
0.062347 223
0.062371 224
0.062403 225
0.062512 226
0.062528 227
0.06272 228
0.062733 229
0.062768 230
0.062802 231
0.062817 232
0.062821 233
0.062907 234
0.063145 235
0.063303 236
0.063315 237
0.063388 238
0.063417 239
0.063447 240
0.063475 241
0.063489 242
0.063683 243
0.063893 244
0.063997 245
0.064015 246
0.064294 247
0.064473 248
0.064683 249
0.064831 250
0.065038 251
0.065054 252
0.065204 253
0.065383 254
0.065465 255
0.065484 256
0.065498 257
0.065553 258
0.065574 259
0.06559 260
0.065641 261
0.065668 262
0.065731 263
0.065754 264
0.066032 265
0.066146 266
0.066311 267
0.066397 268
0.066406 269
0.066501 270
0.066555 271
0.066708 272
0.066713 273
0.066819 274
0.06692 275
0.067058 276
0.067078 277
0.067093 278
0.067094 279
0.067206 280
0.067249 281
0.067464 282
0.067646 283
0.067668 284
0.067751 285
0.06779 286
0.067796 287
0.067804 288
0.067897 289
0.068066 290
0.068377 291
0.06842 292
0.0685 293
0.06851 294
0.068577 295
0.068686 296
0.068733 297
0.068767 298
0.068807 299
0.068831 300
0.068928 301
0.069086 302
0.069125 303
0.069125 304
0.069199 305
0.069253 306
0.069301 307
0.069321 308
0.069869 309
0.069915 310
0.069964 311
0.070007 312
0.070094 313
0.070267 314
0.070396 315
0.07043 316
0.070469 317
0.07058 318
0.070663 319
0.070969 320
0.071094 321
0.071152 322
0.071184 323
0.071252 324
0.071431 325
0.071434 326
0.071595 327
0.071637 328
0.071651 329
0.071677 330
0.071687 331
0.071756 332
0.071769 333
0.07177 334
0.071812 335
0.071833 336
0.071868 337
0.071872 338
0.071917 339
0.071936 340
0.07196 341
0.071962 342
0.072062 343
0.072073 344
0.072085 345
0.072121 346
0.072186 347
0.07222 348
0.072311 349
0.072317 350
0.072341 351
0.072458 352
0.072501 353
0.072633 354
0.072721 355
0.072974 356
0.073006 357
0.073016 358
0.073042 359
0.073218 360
0.073439 361
0.073574 362
0.073631 363
0.073643 364
0.073751 365
0.073817 366
0.074024 367
0.074244 368
0.074267 369
0.074269 370
0.074352 371
0.074473 372
0.074754 373
0.074776 374
0.074895 375
0.075074 376
0.075215 377
0.075672 378
0.075695 379
0.075702 380
0.075778 381
0.075973 382
0.076034 383
0.076136 384
0.076178 385
0.076237 386
0.07634 387
0.076404 388
0.076767 389
0.076783 390
0.076869 391
0.076898 392
0.077048 393
0.077156 394
0.077194 395
0.077286 396
0.07757 397
0.077713 398
0.077785 399
0.077934 400
0.077979 401
0.078002 402
0.078005 403
0.078027 404
0.078141 405
0.078186 406
0.078344 407
0.078463 408
0.078563 409
0.078825 410
0.078895 411
0.078962 412
0.078999 413
0.079164 414
0.079338 415
0.079518 416
0.079688 417
0.07977 418
0.079967 419
0.080085 420
0.080232 421
0.080443 422
0.080632 423
0.080668 424
0.080944 425
0.081139 426
0.081175 427
0.081345 428
0.081444 429
0.081453 430
0.081809 431
0.081885 432
0.082022 433
0.082066 434
0.082231 435
0.082271 436
0.082343 437
0.082367 438
0.082384 439
0.082407 440
0.082449 441
0.082504 442
0.082618 443
0.082685 444
0.082712 445
0.08272 446
0.082942 447
0.083057 448
0.08315 449
0.083186 450
0.083202 451
0.083268 452
0.083273 453
0.083401 454
0.083442 455
0.083598 456
0.083613 457
0.083751 458
0.084135 459
0.084184 460
0.084206 461
0.084229 462
0.084276 463
0.084322 464
0.084338 465
0.084437 466
0.084503 467
0.084506 468
0.084544 469
0.084716 470
0.084718 471
0.084854 472
0.084902 473
0.084953 474
0.085023 475
0.085035 476
0.085041 477
0.085046 478
0.085048 479
0.085177 480
0.085185 481
0.085316 482
0.085655 483
0.085845 484
0.085952 485
0.085981 486
0.086043 487
0.086057 488
0.086094 489
0.086118 490
0.086119 491
0.086195 492
0.086306 493
0.086326 494
0.086392 495
0.086418 496
0.086457 497
0.086487 498
0.086497 499
0.08663 500
0.086911 501
0.086931 502
0.086967 503
0.087033 504
0.08712 505
0.087236 506
0.087294 507
0.087313 508
0.08741 509
0.087427 510
0.08762 511
0.087681 512
0.087782 513
0.087798 514
0.087948 515
0.087974 516
0.088159 517
0.088206 518
0.088224 519
0.088263 520
0.088393 521
0.088404 522
0.088482 523
0.088509 524
0.088689 525
0.088749 526
0.08875 527
0.088774 528
0.088789 529
0.088911 530
0.088998 531
0.089012 532
0.089084 533
0.089092 534
0.089187 535
0.089411 536
0.089497 537
0.089578 538
0.089707 539
0.089778 540
0.089812 541
0.089918 542
0.090024 543
0.090139 544
0.090186 545
0.090263 546
0.090334 547
0.090587 548
0.090593 549
0.090753 550
0.090753 551
0.090794 552
0.090822 553
0.090909 554
0.091002 555
0.091285 556
0.091382 557
0.091399 558
0.091492 559
0.091538 560
0.091691 561
0.091786 562
0.091868 563
0.091876 564
0.092087 565
0.092109 566
0.092288 567
0.092314 568
0.092518 569
0.092857 570
0.092878 571
0.092892 572
0.092904 573
0.092935 574
0.093013 575
0.093057 576
0.093059 577
0.093201 578
0.093242 579
0.093296 580
0.093355 581
0.093777 582
0.093837 583
0.093858 584
0.093944 585
0.094036 586
0.094069 587
0.094169 588
0.094245 589
0.094402 590
0.094412 591
0.094436 592
0.094631 593
0.094631 594
0.094736 595
0.094774 596
0.09481 597
0.094826 598
0.094952 599
0.094987 600
0.095117 601
0.095127 602
0.095181 603
0.095215 604
0.095355 605
0.09543 606
0.095432 607
0.095605 608
0.095709 609
0.095901 610
0.09601 611
0.096023 612
0.096187 613
0.096376 614
0.096427 615
0.096427 616
0.096496 617
0.096516 618
0.096519 619
0.096521 620
0.096615 621
0.096721 622
0.096746 623
0.096851 624
0.096873 625
0.096909 626
0.09694 627
0.097363 628
0.097441 629
0.09747 630
0.097489 631
0.097538 632
0.097709 633
0.097739 634
0.097803 635
0.097854 636
0.097897 637
0.097904 638
0.097956 639
0.098024 640
0.098036 641
0.098174 642
0.098372 643
0.098421 644
0.098478 645
0.098504 646
0.098627 647
0.098679 648
0.098695 649
0.098829 650
0.098857 651
0.098863 652
0.098881 653
0.099016 654
0.099137 655
0.099195 656
0.099206 657
0.099301 658
0.099346 659
0.09945 660
0.099494 661
0.099554 662
0.09969 663
0.099854 664
0.100016 665
0.100079 666
0.100084 667
0.100288 668
0.10031 669
0.100481 670
0.100584 671
0.10069 672
0.100723 673
0.100729 674
0.100762 675
0.100823 676
0.100893 677
0.101128 678
0.101185 679
0.101371 680
0.10149 681
0.101676 682
0.101741 683
0.101854 684
0.1019 685
0.101901 686
0.101991 687
0.102082 688
0.102265 689
0.102352 690
0.102498 691
0.102519 692
0.102541 693
0.102559 694
0.102627 695
0.102667 696
0.102811 697
0.102961 698
0.103021 699
0.103439 700
0.10346 701
0.103629 702
0.103696 703
0.103703 704
0.103802 705
0.103817 706
0.10387 707
0.103901 708
0.104017 709
0.104017 710
0.104089 711
0.104244 712
0.104261 713
0.104276 714
0.104296 715
0.104449 716
0.10448 717
0.104711 718
0.104875 719
0.105007 720
0.105161 721
0.105231 722
0.105246 723
0.105333 724
0.105364 725
0.105385 726
0.105403 727
0.105429 728
0.105443 729
0.105516 730
0.105589 731
0.105779 732
0.105821 733
0.105906 734
0.105935 735
0.10609 736
0.106253 737
0.106393 738
0.106453 739
0.106537 740
0.106857 741
0.10696 742
0.107038 743
0.107043 744
0.107053 745
0.107065 746
0.107148 747
0.107463 748
0.107713 749
0.107821 750
0.10793 751
0.107956 752
0.108126 753
0.108292 754
0.108346 755
0.108361 756
0.108392 757
0.108394 758
0.108434 759
0.108565 760
0.108665 761
0.108675 762
0.108801 763
0.108814 764
0.108835 765
0.108865 766
0.109019 767
0.109022 768
0.109105 769
0.109115 770
0.109287 771
0.109332 772
0.109363 773
0.10939 774
0.109559 775
0.109605 776
0.109671 777
0.109693 778
0.10982 779
0.109826 780
0.11018 781
0.1103 782
0.110368 783
0.110379 784
0.110635 785
0.110699 786
0.110733 787
0.111106 788
0.111264 789
0.111291 790
0.111321 791
0.111325 792
0.11136 793
0.111608 794
0.11166 795
0.111706 796
0.111819 797
0.112043 798
0.112101 799
0.112137 800
0.112147 801
0.112254 802
0.112409 803
0.112494 804
0.112571 805
0.112801 806
0.112867 807
0.113213 808
0.113347 809
0.113402 810
0.11341 811
0.113493 812
0.113528 813
0.113564 814
0.113597 815
0.11362 816
0.113679 817
0.11372 818
0.113805 819
0.113915 820
0.11393 821
0.113981 822
0.113997 823
0.113997 824
0.114389 825
0.114644 826
0.114685 827
0.114789 828
0.114878 829
0.114908 830
0.115062 831
0.115131 832
0.115276 833
0.115442 834
0.115526 835
0.115562 836
0.115746 837
0.115868 838
0.116031 839
0.116079 840
0.116118 841
0.11653 842
0.116715 843
0.116775 844
0.116849 845
0.116991 846
0.117083 847
0.117121 848
0.117344 849
0.117348 850
0.117391 851
0.117467 852
0.117507 853
0.117825 854
0.117898 855
0.118024 856
0.118041 857
0.118048 858
0.11823 859
0.118295 860
0.118314 861
0.118385 862
0.118469 863
0.118507 864
0.118641 865
0.118702 866
0.118891 867
0.118904 868
0.119012 869
0.119019 870
0.119095 871
0.119115 872
0.119289 873
0.119315 874
0.11937 875
0.119423 876
0.119423 877
0.11961 878
0.119622 879
0.119707 880
0.119762 881
0.119841 882
0.11998 883
0.120012 884
0.120031 885
0.120152 886
0.120186 887
0.120237 888
0.12025 889
0.120283 890
0.120322 891
0.120325 892
0.120354 893
0.12067 894
0.120874 895
0.120884 896
0.120951 897
0.121053 898
0.121069 899
0.121074 900
0.121128 901
0.121228 902
0.121291 903
0.121296 904
0.121466 905
0.121578 906
0.121582 907
0.121633 908
0.121672 909
0.121726 910
0.12174 911
0.121837 912
0.121858 913
0.122052 914
0.122132 915
0.122185 916
0.122264 917
0.122294 918
0.122296 919
0.122353 920
0.122408 921
0.122513 922
0.122557 923
0.122708 924
0.122791 925
0.122848 926
0.122938 927
0.123003 928
0.123055 929
0.123078 930
0.123111 931
0.123243 932
0.123248 933
0.123266 934
0.123318 935
0.12332 936
0.123724 937
0.123788 938
0.123806 939
0.123924 940
0.12399 941
0.124314 942
0.124317 943
0.124333 944
0.124534 945
0.124603 946
0.124754 947
0.124808 948
0.124826 949
0.124841 950
0.124861 951
0.124962 952
0.125002 953
0.125137 954
0.125205 955
0.125307 956
0.125358 957
0.125382 958
0.125474 959
0.125736 960
0.125843 961
0.125878 962
0.125887 963
0.125889 964
0.126099 965
0.12626 966
0.126345 967
0.126437 968
0.126439 969
0.126499 970
0.126738 971
0.12675 972
0.126774 973
0.127 974
0.127014 975
0.127063 976
0.127075 977
0.127163 978
0.127203 979
0.127258 980
0.127545 981
0.127667 982
0.127678 983
0.127735 984
0.127791 985
0.127849 986
0.127963 987
0.127966 988
0.128048 989
0.128068 990
0.128073 991
0.128094 992
0.128159 993
0.12819 994
0.128352 995
0.128446 996
0.128463 997
0.128569 998
0.128591 999
0.128647 1000
0.128661 1001
0.128703 1002
0.128868 1003
0.128928 1004
0.128932 1005
0.129006 1006
0.129079 1007
0.129152 1008
0.129185 1009
0.129198 1010
0.129238 1011
0.129253 1012
0.129256 1013
0.129335 1014
0.129407 1015
0.129432 1016
0.12944 1017
0.129503 1018
0.129668 1019
0.129716 1020
0.129785 1021
0.129794 1022
0.129827 1023
0.129833 1024
0.129886 1025
0.129925 1026
0.130093 1027
0.130137 1028
0.130182 1029
0.130312 1030
0.130357 1031
0.130419 1032
0.130562 1033
0.130564 1034
0.130568 1035
0.130592 1036
0.130677 1037
0.130736 1038
0.130855 1039
0.130901 1040
0.130904 1041
0.130909 1042
0.131029 1043
0.131051 1044
0.131077 1045
0.131218 1046
0.131404 1047
0.131442 1048
0.131523 1049
0.131644 1050
0.131683 1051
0.131787 1052
0.131793 1053
0.131826 1054
0.13183 1055
0.131898 1056
0.13195 1057
0.132006 1058
0.132066 1059
0.132073 1060
0.132077 1061
0.132235 1062
0.132344 1063
0.13236 1064
0.132429 1065
0.132436 1066
0.13244 1067
0.132593 1068
0.132682 1069
0.132805 1070
0.132841 1071
0.132973 1072
0.133089 1073
0.133106 1074
0.13321 1075
0.133343 1076
0.13335 1077
0.133358 1078
0.133358 1079
0.133468 1080
0.133544 1081
0.133545 1082
0.133559 1083
0.133612 1084
0.133623 1085
0.133809 1086
0.133986 1087
0.133998 1088
0.134033 1089
0.134053 1090
0.134085 1091
0.134102 1092
0.134112 1093
0.134225 1094
0.134285 1095
0.134288 1096
0.134313 1097
0.13437 1098
0.134381 1099
0.134471 1100
0.134494 1101
0.134516 1102
0.134537 1103
0.134557 1104
0.13464 1105
0.134708 1106
0.134815 1107
0.134824 1108
0.134962 1109
0.135038 1110
0.135048 1111
0.135049 1112
0.135176 1113
0.135364 1114
0.135496 1115
0.135698 1116
0.135753 1117
0.13579 1118
0.135808 1119
0.135903 1120
0.135964 1121
0.136031 1122
0.13606 1123
0.136163 1124
0.136214 1125
0.136359 1126
0.136587 1127
0.136636 1128
0.136652 1129
0.136714 1130
0.136756 1131
0.136783 1132
0.136851 1133
0.136875 1134
0.136952 1135
0.136989 1136
0.137114 1137
0.137119 1138
0.137154 1139
0.137292 1140
0.137421 1141
0.137485 1142
0.137691 1143
0.137714 1144
0.137737 1145
0.138005 1146
0.138062 1147
0.138105 1148
0.138139 1149
0.138325 1150
0.13834 1151
0.138374 1152
0.138437 1153
0.138688 1154
0.138712 1155
0.138781 1156
0.138843 1157
0.138902 1158
0.138903 1159
0.138903 1160
0.139234 1161
0.139255 1162
0.139349 1163
0.139363 1164
0.139591 1165
0.139718 1166
0.139758 1167
0.139861 1168
0.139976 1169
0.140023 1170
0.140037 1171
0.140046 1172
0.14011 1173
0.140189 1174
0.140275 1175
0.140293 1176
0.140504 1177
0.140602 1178
0.140608 1179
0.140649 1180
0.140746 1181
0.140816 1182
0.140832 1183
0.141062 1184
0.141064 1185
0.141184 1186
0.141323 1187
0.14146 1188
0.141478 1189
0.141705 1190
0.141885 1191
0.141932 1192
0.142029 1193
0.142076 1194
0.142078 1195
0.142079 1196
0.142207 1197
0.142254 1198
0.142329 1199
0.142427 1200
0.142498 1201
0.142851 1202
0.142899 1203
0.142956 1204
0.143006 1205
0.143043 1206
0.143049 1207
0.143051 1208
0.143212 1209
0.143575 1210
0.143609 1211
0.143648 1212
0.143664 1213
0.143683 1214
0.143791 1215
0.143856 1216
0.143934 1217
0.143948 1218
0.144052 1219
0.144089 1220
0.14425 1221
0.144257 1222
0.144332 1223
0.144337 1224
0.144539 1225
0.144603 1226
0.144652 1227
0.144663 1228
0.144735 1229
0.144775 1230
0.144811 1231
0.144839 1232
0.144864 1233
0.145173 1234
0.145299 1235
0.145307 1236
0.145432 1237
0.145463 1238
0.145465 1239
0.145478 1240
0.145582 1241
0.145616 1242
0.145716 1243
0.145731 1244
0.145821 1245
0.145886 1246
0.145917 1247
0.14596 1248
0.146155 1249
0.146481 1250
0.146598 1251
0.146927 1252
0.147155 1253
0.147158 1254
0.147226 1255
0.147291 1256
0.147418 1257
0.147518 1258
0.147534 1259
0.147603 1260
0.147649 1261
0.147878 1262
0.147929 1263
0.148178 1264
0.148462 1265
0.148667 1266
0.148711 1267
0.148765 1268
0.148852 1269
0.149011 1270
0.149055 1271
0.149186 1272
0.149229 1273
0.149345 1274
0.149348 1275
0.149396 1276
0.149452 1277
0.149507 1278
0.149541 1279
0.149784 1280
0.149791 1281
0.149881 1282
0.149915 1283
0.15026 1284
0.150377 1285
0.150404 1286
0.150576 1287
0.150863 1288
0.150956 1289
0.151154 1290
0.151177 1291
0.151391 1292
0.151566 1293
0.151667 1294
0.15175 1295
0.1518 1296
0.152256 1297
0.152474 1298
0.15256 1299
0.152777 1300
0.152792 1301
0.152885 1302
0.153126 1303
0.153574 1304
0.153733 1305
0.153762 1306
0.153812 1307
0.15405 1308
0.154179 1309
0.154193 1310
0.154368 1311
0.154543 1312
0.154815 1313
0.154852 1314
0.15506 1315
0.155482 1316
0.155905 1317
0.156003 1318
0.156097 1319
0.156356 1320
0.156509 1321
0.156693 1322
0.156914 1323
0.157081 1324
0.157241 1325
0.157419 1326
0.157639 1327
0.157796 1328
0.157848 1329
0.157996 1330
0.158013 1331
0.158095 1332
0.15814 1333
0.158175 1334
0.158685 1335
0.158853 1336
0.158984 1337
0.158987 1338
0.159139 1339
0.159183 1340
0.159385 1341
0.159498 1342
0.159672 1343
0.159719 1344
0.159762 1345
0.159867 1346
0.160243 1347
0.160283 1348
0.160907 1349
0.161178 1350
0.161703 1351
0.161784 1352
0.161821 1353
0.162104 1354
0.162133 1355
0.162596 1356
0.162606 1357
0.162654 1358
0.162923 1359
0.163064 1360
0.163309 1361
0.163523 1362
0.163553 1363
0.163619 1364
0.163653 1365
0.163843 1366
0.164085 1367
0.164113 1368
0.164127 1369
0.164155 1370
0.164411 1371
0.164427 1372
0.164518 1373
0.164774 1374
0.16506 1375
0.165068 1376
0.165515 1377
0.165566 1378
0.165731 1379
0.165754 1380
0.166147 1381
0.166195 1382
0.166233 1383
0.166957 1384
0.166964 1385
0.167188 1386
0.167361 1387
0.167412 1388
0.167439 1389
0.167628 1390
0.1679 1391
0.168162 1392
0.168174 1393
0.168205 1394
0.168819 1395
0.1691 1396
0.169249 1397
0.169376 1398
0.169643 1399
0.16975 1400
0.16986 1401
0.169864 1402
0.16995 1403
0.170345 1404
0.170642 1405
0.170762 1406
0.171039 1407
0.171053 1408
0.171186 1409
0.171388 1410
0.171922 1411
0.172148 1412
0.172751 1413
0.17277 1414
0.173132 1415
0.173271 1416
0.173377 1417
0.173827 1418
0.173948 1419
0.174334 1420
0.174832 1421
0.174868 1422
0.174925 1423
0.174992 1424
0.175216 1425
0.175629 1426
0.175729 1427
0.175949 1428
0.176386 1429
0.176442 1430
0.176986 1431
0.177068 1432
0.177692 1433
0.178029 1434
0.178075 1435
0.178282 1436
0.178314 1437
0.178319 1438
0.178445 1439
0.179386 1440
0.17971 1441
0.179763 1442
0.180056 1443
0.180452 1444
0.18145 1445
0.181474 1446
0.181803 1447
0.18228 1448
0.182283 1449
0.182921 1450
0.182998 1451
0.183232 1452
0.183504 1453
0.184426 1454
0.18452 1455
0.184863 1456
0.185296 1457
0.185987 1458
0.186313 1459
0.186426 1460
0.186754 1461
0.187475 1462
0.187543 1463
0.187936 1464
0.188247 1465
0.188997 1466
0.189362 1467
0.189497 1468
0.189682 1469
0.189826 1470
0.189866 1471
0.189971 1472
0.190908 1473
0.191012 1474
0.191232 1475
0.191684 1476
0.191865 1477
0.192273 1478
0.192413 1479
0.193371 1480
0.193674 1481
0.194595 1482
0.194616 1483
0.194807 1484
0.195269 1485
0.195315 1486
0.195826 1487
0.196105 1488
0.196438 1489
0.196556 1490
0.196752 1491
0.196843 1492
0.196956 1493
0.197061 1494
0.197069 1495
0.19757 1496
0.19784 1497
0.197884 1498
0.197969 1499
0.198356 1500
0.198436 1501
0.199085 1502
0.19931 1503
0.201008 1504
0.201253 1505
0.201998 1506
0.202031 1507
0.202046 1508
0.20222 1509
0.20226 1510
0.202637 1511
0.2033 1512
0.204228 1513
0.204298 1514
0.20446 1515
0.204612 1516
0.204667 1517
0.204805 1518
0.205745 1519
0.206118 1520
0.206815 1521
0.207133 1522
0.207671 1523
0.207871 1524
0.208018 1525
0.208398 1526
0.208467 1527
0.208467 1528
0.209335 1529
0.209518 1530
0.209864 1531
0.210146 1532
0.210147 1533
0.210515 1534
0.210818 1535
0.210954 1536
0.211295 1537
0.211704 1538
0.212055 1539
0.212418 1540
0.214051 1541
0.214052 1542
0.214323 1543
0.21441 1544
0.214509 1545
0.215505 1546
0.215755 1547
0.216037 1548
0.216095 1549
0.216173 1550
0.21664 1551
0.217948 1552
0.218296 1553
0.218298 1554
0.218724 1555
0.219115 1556
0.219927 1557
0.220078 1558
0.220547 1559
0.220842 1560
0.220966 1561
0.221036 1562
0.221049 1563
0.221424 1564
0.221758 1565
0.221897 1566
0.221995 1567
0.222942 1568
0.223046 1569
0.223353 1570
0.223435 1571
0.223807 1572
0.224438 1573
0.224679 1574
0.22483 1575
0.225231 1576
0.22524 1577
0.225856 1578
0.226092 1579
0.226136 1580
0.227215 1581
0.227561 1582
0.227749 1583
0.229163 1584
0.229246 1585
0.22937 1586
0.230163 1587
0.230376 1588
0.231207 1589
0.231595 1590
0.231794 1591
0.231836 1592
0.232192 1593
0.232547 1594
0.232681 1595
0.233164 1596
0.233296 1597
0.234052 1598
0.23418 1599
0.234197 1600
0.234412 1601
0.234902 1602
0.235196 1603
0.235503 1604
0.235749 1605
0.235938 1606
0.236247 1607
0.236486 1608
0.236972 1609
0.237213 1610
0.23748 1611
0.237599 1612
0.237713 1613
0.237728 1614
0.238185 1615
0.238833 1616
0.239182 1617
0.23982 1618
0.240139 1619
0.240166 1620
0.240251 1621
0.240279 1622
0.240326 1623
0.240866 1624
0.240879 1625
0.24096 1626
0.241182 1627
0.241328 1628
0.2414 1629
0.242011 1630
0.242551 1631
0.24277 1632
0.243183 1633
0.243611 1634
0.243691 1635
0.244159 1636
0.244451 1637
0.244772 1638
0.244827 1639
0.244918 1640
0.245739 1641
0.246092 1642
0.246457 1643
0.247213 1644
0.247237 1645
0.248032 1646
0.24807 1647
0.248161 1648
0.248366 1649
0.248471 1650
0.248778 1651
0.248874 1652
0.24891 1653
0.248927 1654
0.24909 1655
0.249116 1656
0.249933 1657
0.250419 1658
0.250993 1659
0.251261 1660
0.2513 1661
0.251897 1662
0.25211 1663
0.252165 1664
0.252206 1665
0.252329 1666
0.25246 1667
0.252477 1668
0.253091 1669
0.253178 1670
0.253388 1671
0.253587 1672
0.253614 1673
0.253722 1674
0.253878 1675
0.254054 1676
0.254168 1677
0.254251 1678
0.254511 1679
0.255292 1680
0.255397 1681
0.255484 1682
0.255604 1683
0.256869 1684
0.25688 1685
0.257231 1686
0.257437 1687
0.257469 1688
0.257542 1689
0.25758 1690
0.257749 1691
0.257781 1692
0.258305 1693
0.258645 1694
0.259349 1695
0.259385 1696
0.25954 1697
0.259679 1698
0.260043 1699
0.260506 1700
0.260707 1701
0.260854 1702
0.260949 1703
0.260966 1704
0.261092 1705
0.261353 1706
0.26139 1707
0.261588 1708
0.261726 1709
0.261871 1710
0.262202 1711
0.262514 1712
0.262638 1713
0.262938 1714
0.263044 1715
0.264085 1716
0.264694 1717
0.265284 1718
0.265624 1719
0.266336 1720
0.266826 1721
0.266864 1722
0.266926 1723
0.266971 1724
0.26703 1725
0.268306 1726
0.268532 1727
0.268989 1728
0.269167 1729
0.269759 1730
0.269912 1731
0.270055 1732
0.270448 1733
0.270633 1734
0.270681 1735
0.270885 1736
0.270912 1737
0.270956 1738
0.271169 1739
0.271192 1740
0.271694 1741
0.272187 1742
0.272288 1743
0.272505 1744
0.273273 1745
0.273541 1746
0.273801 1747
0.274047 1748
0.2742 1749
0.274305 1750
0.274548 1751
0.275604 1752
0.27576 1753
0.275893 1754
0.276409 1755
0.276822 1756
0.276837 1757
0.276909 1758
0.277141 1759
0.277226 1760
0.27738 1761
0.277716 1762
0.278647 1763
0.27917 1764
0.279342 1765
0.279363 1766
0.279856 1767
0.279882 1768
0.279939 1769
0.280116 1770
0.280118 1771
0.280139 1772
0.280212 1773
0.280351 1774
0.280425 1775
0.280444 1776
0.280922 1777
0.281066 1778
0.281692 1779
0.282054 1780
0.282077 1781
0.28252 1782
0.282558 1783
0.282635 1784
0.282731 1785
0.282935 1786
0.282991 1787
0.283028 1788
0.283233 1789
0.283718 1790
0.283807 1791
0.284025 1792
0.284288 1793
0.284412 1794
0.28445 1795
0.284574 1796
0.284778 1797
0.284821 1798
0.285517 1799
0.285546 1800
0.286008 1801
0.286441 1802
0.286818 1803
0.28684 1804
0.287224 1805
0.288235 1806
0.289512 1807
0.289609 1808
0.289729 1809
0.289759 1810
0.289899 1811
0.289966 1812
0.290265 1813
0.290684 1814
0.290697 1815
0.291344 1816
0.291384 1817
0.291653 1818
0.291876 1819
0.291908 1820
0.292801 1821
0.293012 1822
0.293458 1823
0.293637 1824
0.293687 1825
0.293873 1826
0.294168 1827
0.294178 1828
0.294423 1829
0.294618 1830
0.294751 1831
0.294818 1832
0.295126 1833
0.295189 1834
0.295307 1835
0.295311 1836
0.295546 1837
0.295875 1838
0.2961 1839
0.296452 1840
0.297006 1841
0.29723 1842
0.297281 1843
0.297935 1844
0.298068 1845
0.298495 1846
0.298886 1847
0.29932 1848
0.299743 1849
0.299894 1850
0.300667 1851
0.300731 1852
0.30077 1853
0.300804 1854
0.301225 1855
0.301749 1856
0.301827 1857
0.302107 1858
0.302236 1859
0.302391 1860
0.302674 1861
0.302969 1862
0.303258 1863
0.303884 1864
0.303951 1865
0.303999 1866
0.304058 1867
0.304482 1868
0.304495 1869
0.304501 1870
0.30452 1871
0.304601 1872
0.304979 1873
0.305169 1874
0.305624 1875
0.306124 1876
0.30617 1877
0.306224 1878
0.306343 1879
0.30671 1880
0.307216 1881
0.307451 1882
0.307551 1883
0.307605 1884
0.30786 1885
0.310228 1886
0.310329 1887
0.310531 1888
0.310698 1889
0.310827 1890
0.311075 1891
0.311186 1892
0.31134 1893
0.311519 1894
0.312355 1895
0.3124 1896
0.312509 1897
0.313425 1898
0.313476 1899
0.313593 1900
0.314333 1901
0.315399 1902
0.315607 1903
0.315933 1904
0.31633 1905
0.31698 1906
0.317318 1907
0.317735 1908
0.318142 1909
0.31846 1910
0.318501 1911
0.318914 1912
0.319506 1913
0.319647 1914
0.320058 1915
0.321581 1916
0.322346 1917
0.323074 1918
0.323095 1919
0.323246 1920
0.324164 1921
0.3247 1922
0.325263 1923
0.325285 1924
0.325306 1925
0.325569 1926
0.325571 1927
0.32632 1928
0.326405 1929
0.326408 1930
0.327129 1931
0.327812 1932
0.327846 1933
0.329095 1934
0.329782 1935
0.329947 1936
0.330794 1937
0.330984 1938
0.331135 1939
0.331496 1940
0.331536 1941
0.332332 1942
0.332393 1943
0.332766 1944
0.333041 1945
0.333138 1946
0.333313 1947
0.333622 1948
0.333788 1949
0.333875 1950
0.333877 1951
0.334253 1952
0.334301 1953
0.33442 1954
0.334836 1955
0.334893 1956
0.334948 1957
0.335341 1958
0.335652 1959
0.33578 1960
0.335863 1961
0.336158 1962
0.336192 1963
0.336437 1964
0.337217 1965
0.338 1966
0.338017 1967
0.338023 1968
0.33866 1969
0.338992 1970
0.339157 1971
0.339219 1972
0.340012 1973
0.340489 1974
0.341633 1975
0.342433 1976
0.342758 1977
0.343571 1978
0.34364 1979
0.344984 1980
0.345323 1981
0.345408 1982
0.345445 1983
0.345713 1984
0.346322 1985
0.346555 1986
0.346995 1987
0.34713 1988
0.347631 1989
0.348048 1990
0.348954 1991
0.348974 1992
0.349064 1993
0.349079 1994
0.349153 1995
0.350552 1996
0.352504 1997
0.352593 1998
0.353286 1999
0.354148 2000
0.354831 2001
0.355289 2002
0.356225 2003
0.356291 2004
0.35684 2005
0.357149 2006
0.357634 2007
0.358056 2008
0.358081 2009
0.35815 2010
0.358696 2011
0.359233 2012
0.359272 2013
0.359421 2014
0.359697 2015
0.359711 2016
0.359992 2017
0.360958 2018
0.361083 2019
0.361274 2020
0.361694 2021
0.362202 2022
0.36227 2023
0.362418 2024
0.363709 2025
0.363817 2026
0.364435 2027
0.365097 2028
0.368006 2029
0.368726 2030
0.369646 2031
0.369871 2032
0.370314 2033
0.370363 2034
0.370844 2035
0.371165 2036
0.371263 2037
0.371974 2038
0.372135 2039
0.37239 2040
0.372423 2041
0.372869 2042
0.373559 2043
0.37358 2044
0.373772 2045
0.373901 2046
0.374104 2047
0.374114 2048
0.374364 2049
0.374415 2050
0.374761 2051
0.37479 2052
0.374793 2053
0.374809 2054
0.375088 2055
0.375216 2056
0.37559 2057
0.375595 2058
0.375632 2059
0.375989 2060
0.376085 2061
0.376781 2062
0.376959 2063
0.37706 2064
0.377474 2065
0.377537 2066
0.377654 2067
0.377791 2068
0.378269 2069
0.378406 2070
0.378513 2071
0.37886 2072
0.379094 2073
0.379209 2074
0.379425 2075
0.379757 2076
0.379846 2077
0.380103 2078
0.380334 2079
0.381023 2080
0.381302 2081
0.381671 2082
0.381985 2083
0.382029 2084
0.382183 2085
0.382583 2086
0.382714 2087
0.382829 2088
0.383054 2089
0.383445 2090
0.383669 2091
0.384149 2092
0.38436 2093
0.384561 2094
0.385068 2095
0.385378 2096
0.385992 2097
0.386348 2098
0.386366 2099
0.386586 2100
0.387175 2101
0.387441 2102
0.387676 2103
0.38787 2104
0.388073 2105
0.389258 2106
0.389852 2107
0.389905 2108
0.390061 2109
0.390524 2110
0.391046 2111
0.391249 2112
0.392096 2113
0.392155 2114
0.392457 2115
0.39246 2116
0.392677 2117
0.39301 2118
0.393057 2119
0.394085 2120
0.394285 2121
0.394561 2122
0.394813 2123
0.395068 2124
0.395098 2125
0.395307 2126
0.395353 2127
0.395511 2128
0.396571 2129
0.397289 2130
0.397357 2131
0.3982 2132
0.398793 2133
0.399683 2134
0.400414 2135
0.401074 2136
0.401494 2137
0.402058 2138
0.402771 2139
0.40296 2140
0.403325 2141
0.403487 2142
0.403683 2143
0.403955 2144
0.404137 2145
0.404155 2146
0.404378 2147
0.404819 2148
0.405566 2149
0.40637 2150
0.407811 2151
0.408356 2152
0.408461 2153
0.408469 2154
0.408493 2155
0.409918 2156
0.410699 2157
0.410812 2158
0.411143 2159
0.41144 2160
0.411535 2161
0.411629 2162
0.411849 2163
0.412309 2164
0.412789 2165
0.412828 2166
0.413388 2167
0.414232 2168
0.414332 2169
0.415098 2170
0.415364 2171
0.41618 2172
0.416329 2173
0.416876 2174
0.417013 2175
0.417556 2176
0.417768 2177
0.418218 2178
0.418909 2179
0.419635 2180
0.419824 2181
0.419957 2182
0.420075 2183
0.421504 2184
0.421934 2185
0.422309 2186
0.422721 2187
0.422903 2188
0.42359 2189
0.424028 2190
0.424585 2191
0.425157 2192
0.425895 2193
0.425896 2194
0.425971 2195
0.426111 2196
0.427756 2197
0.428547 2198
0.428752 2199
0.429249 2200
0.429484 2201
0.43025 2202
0.430611 2203
0.431355 2204
0.433064 2205
0.433372 2206
0.433872 2207
0.437197 2208
0.437264 2209
0.437809 2210
0.437889 2211
0.438266 2212
0.438692 2213
0.439516 2214
0.439564 2215
0.440875 2216
0.44127 2217
0.441722 2218
0.442557 2219
0.44258 2220
0.443016 2221
0.443438 2222
0.443526 2223
0.444735 2224
0.445515 2225
0.44744 2226
0.447442 2227
0.448122 2228
0.448205 2229
0.449367 2230
0.450864 2231
0.450971 2232
0.450988 2233
0.451098 2234
0.451152 2235
0.451734 2236
0.453238 2237
0.453545 2238
0.453707 2239
0.453799 2240
0.454544 2241
0.454778 2242
0.455949 2243
0.456501 2244
0.457171 2245
0.458473 2246
0.458806 2247
0.458887 2248
0.461006 2249
0.461168 2250
0.461754 2251
0.46235 2252
0.465597 2253
0.4661 2254
0.466662 2255
0.468768 2256
0.468858 2257
0.471383 2258
0.471818 2259
0.472035 2260
0.472466 2261
0.473284 2262
0.47365 2263
0.474568 2264
0.477094 2265
0.477282 2266
0.477596 2267
0.478029 2268
0.478156 2269
0.478467 2270
0.478622 2271
0.480735 2272
0.480783 2273
0.480907 2274
0.481146 2275
0.481183 2276
0.481758 2277
0.481777 2278
0.482152 2279
0.48276 2280
0.483519 2281
0.484094 2282
0.484561 2283
0.484592 2284
0.484612 2285
0.485748 2286
0.485896 2287
0.486274 2288
0.486509 2289
0.486534 2290
0.487939 2291
0.488258 2292
0.488263 2293
0.489068 2294
0.491158 2295
0.491438 2296
0.491579 2297
0.493558 2298
0.493877 2299
0.494574 2300
0.494588 2301
0.494593 2302
0.495073 2303
0.495166 2304
0.495638 2305
0.496612 2306
0.498122 2307
0.498262 2308
0.499475 2309
0.499558 2310
0.499784 2311
0.500088 2312
0.500093 2313
0.500469 2314
0.501292 2315
0.501351 2316
0.501359 2317
0.501447 2318
0.501751 2319
0.502752 2320
0.503292 2321
0.503675 2322
0.504749 2323
0.50484 2324
0.50531 2325
0.505962 2326
0.508315 2327
0.50846 2328
0.509576 2329
0.509683 2330
0.50977 2331
0.510339 2332
0.51122 2333
0.511552 2334
0.512537 2335
0.513011 2336
0.51368 2337
0.514891 2338
0.515218 2339
0.515387 2340
0.515392 2341
0.515582 2342
0.51559 2343
0.51623 2344
0.517569 2345
0.517762 2346
0.518975 2347
0.519591 2348
0.520052 2349
0.52067 2350
0.521289 2351
0.521823 2352
0.521885 2353
0.522192 2354
0.523836 2355
0.524285 2356
0.525453 2357
0.52553 2358
0.525699 2359
0.52607 2360
0.5265 2361
0.526745 2362
0.527049 2363
0.528318 2364
0.52987 2365
0.53008 2366
0.530507 2367
0.530507 2368
0.53137 2369
0.531397 2370
0.532237 2371
0.532324 2372
0.532867 2373
0.533518 2374
0.533772 2375
0.53389 2376
0.534264 2377
0.534499 2378
0.534858 2379
0.535501 2380
0.535739 2381
0.53611 2382
0.536403 2383
0.53661 2384
0.53689 2385
0.53878 2386
0.539436 2387
0.539589 2388
0.539852 2389
0.540163 2390
0.541108 2391
0.541129 2392
0.541972 2393
0.541986 2394
0.542046 2395
0.542579 2396
0.542956 2397
0.543665 2398
0.544372 2399
0.544423 2400
0.544532 2401
0.545115 2402
0.545938 2403
0.545951 2404
0.546121 2405
0.546639 2406
0.547962 2407
0.548061 2408
0.548605 2409
0.549368 2410
0.549642 2411
0.54969 2412
0.550075 2413
0.550582 2414
0.551292 2415
0.552002 2416
0.552385 2417
0.552571 2418
0.552688 2419
0.552988 2420
0.553207 2421
0.554955 2422
0.555215 2423
0.555885 2424
0.556791 2425
0.557304 2426
0.557834 2427
0.55807 2428
0.558727 2429
0.559064 2430
0.560135 2431
0.562237 2432
0.562276 2433
0.5624 2434
0.563095 2435
0.56314 2436
0.563755 2437
0.564021 2438
0.564239 2439
0.564397 2440
0.56475 2441
0.565965 2442
0.567698 2443
0.569048 2444
0.569148 2445
0.569392 2446
0.570937 2447
0.571815 2448
0.572364 2449
0.572903 2450
0.573096 2451
0.575216 2452
0.575276 2453
0.575398 2454
0.57595 2455
0.576446 2456
0.577541 2457
0.578701 2458
0.579565 2459
0.579671 2460
0.580468 2461
0.580481 2462
0.580672 2463
0.582178 2464
0.582956 2465
0.583023 2466
0.583646 2467
0.58396 2468
0.585016 2469
0.585296 2470
0.586001 2471
0.586185 2472
0.586951 2473
0.587017 2474
0.587245 2475
0.587567 2476
0.587581 2477
0.587724 2478
0.588726 2479
0.589554 2480
0.59078 2481
0.592488 2482
0.593374 2483
0.593605 2484
0.594914 2485
0.595325 2486
0.595728 2487
0.595965 2488
0.596062 2489
0.596274 2490
0.596351 2491
0.596644 2492
0.597854 2493
0.598063 2494
0.599111 2495
0.600665 2496
0.600723 2497
0.601145 2498
0.603947 2499
0.604541 2500
0.604663 2501
0.605149 2502
0.606161 2503
0.606873 2504
0.607115 2505
0.607388 2506
0.608549 2507
0.608679 2508
0.609311 2509
0.610638 2510
0.611493 2511
0.611992 2512
0.612032 2513
0.612144 2514
0.612215 2515
0.612217 2516
0.61272 2517
0.612962 2518
0.613048 2519
0.613439 2520
0.613613 2521
0.616101 2522
0.616932 2523
0.618011 2524
0.618078 2525
0.618233 2526
0.618386 2527
0.61919 2528
0.619277 2529
0.619931 2530
0.622007 2531
0.622266 2532
0.622547 2533
0.622887 2534
0.623591 2535
0.623814 2536
0.62389 2537
0.623898 2538
0.624571 2539
0.624865 2540
0.624873 2541
0.625116 2542
0.625396 2543
0.62541 2544
0.626786 2545
0.628045 2546
0.628118 2547
0.628821 2548
0.629395 2549
0.629499 2550
0.630458 2551
0.630924 2552
0.631966 2553
0.632679 2554
0.632983 2555
0.633564 2556
0.635166 2557
0.635542 2558
0.636602 2559
0.636803 2560
0.63693 2561
0.637865 2562
0.639162 2563
0.639222 2564
0.639444 2565
0.639505 2566
0.639979 2567
0.640299 2568
0.640406 2569
0.64066 2570
0.640999 2571
0.641154 2572
0.642807 2573
0.643008 2574
0.643276 2575
0.643734 2576
0.643986 2577
0.644246 2578
0.645024 2579
0.645111 2580
0.645506 2581
0.646495 2582
0.646538 2583
0.646705 2584
0.646792 2585
0.647601 2586
0.647693 2587
0.648056 2588
0.648386 2589
0.649998 2590
0.650851 2591
0.651444 2592
0.651664 2593
0.652939 2594
0.653813 2595
0.653853 2596
0.654088 2597
0.654117 2598
0.654883 2599
0.656611 2600
0.656881 2601
0.657181 2602
0.657397 2603
0.657464 2604
0.659743 2605
0.660467 2606
0.661322 2607
0.663634 2608
0.663967 2609
0.665111 2610
0.665527 2611
0.665733 2612
0.665807 2613
0.666231 2614
0.666776 2615
0.666846 2616
0.668102 2617
0.66869 2618
0.669387 2619
0.672058 2620
0.672962 2621
0.675313 2622
0.675329 2623
0.676163 2624
0.677468 2625
0.677603 2626
0.678131 2627
0.678436 2628
0.679539 2629
0.681044 2630
0.683373 2631
0.683651 2632
0.684586 2633
0.685438 2634
0.686059 2635
0.686694 2636
0.686854 2637
0.686957 2638
0.687615 2639
0.68883 2640
0.690643 2641
0.691226 2642
0.69171 2643
0.692594 2644
0.692718 2645
0.692968 2646
0.69309 2647
0.693794 2648
0.693994 2649
0.695205 2650
0.697952 2651
0.698372 2652
0.69942 2653
0.700101 2654
0.700628 2655
0.700964 2656
0.701679 2657
0.701705 2658
0.702508 2659
0.702626 2660
0.703348 2661
0.704508 2662
0.705169 2663
0.70593 2664
0.705964 2665
0.70613 2666
0.706814 2667
0.708181 2668
0.708327 2669
0.709409 2670
0.710386 2671
0.710881 2672
0.712383 2673
0.71412 2674
0.715168 2675
0.716246 2676
0.718841 2677
0.71973 2678
0.72098 2679
0.721591 2680
0.721903 2681
0.722835 2682
0.723341 2683
0.723772 2684
0.725878 2685
0.727364 2686
0.727555 2687
0.731121 2688
0.732214 2689
0.732758 2690
0.735354 2691
0.735611 2692
0.735627 2693
0.73569 2694
0.736312 2695
0.736873 2696
0.737991 2697
0.740186 2698
0.740771 2699
0.740784 2700
0.741053 2701
0.741357 2702
0.74163 2703
0.741714 2704
0.742131 2705
0.742708 2706
0.743179 2707
0.744097 2708
0.744356 2709
0.744634 2710
0.74553 2711
0.745544 2712
0.745819 2713
0.746034 2714
0.746721 2715
0.74688 2716
0.749023 2717
0.749249 2718
0.751072 2719
0.751792 2720
0.753304 2721
0.753597 2722
0.753855 2723
0.755999 2724
0.757983 2725
0.75853 2726
0.759336 2727
0.759737 2728
0.760789 2729
0.761563 2730
0.761653 2731
0.76239 2732
0.76273 2733
0.764602 2734
0.765481 2735
0.765484 2736
0.767602 2737
0.772289 2738
0.772598 2739
0.773207 2740
0.773928 2741
0.77474 2742
0.774963 2743
0.775387 2744
0.776104 2745
0.776175 2746
0.778402 2747
0.779355 2748
0.779765 2749
0.781308 2750
0.784974 2751
0.786741 2752
0.78758 2753
0.788708 2754
0.789863 2755
0.791331 2756
0.791972 2757
0.792893 2758
0.793 2759
0.793202 2760
0.795591 2761
0.80288 2762
0.804603 2763
0.804651 2764
0.804856 2765
0.806695 2766
0.807556 2767
0.807901 2768
0.809416 2769
0.809623 2770
0.810789 2771
0.811062 2772
0.81159 2773
0.81254 2774
0.812743 2775
0.813567 2776
0.814195 2777
0.814569 2778
0.816688 2779
0.817947 2780
0.821185 2781
0.823018 2782
0.82306 2783
0.823623 2784
0.824475 2785
0.824658 2786
0.826138 2787
0.826404 2788
0.82673 2789
0.826789 2790
0.827644 2791
0.827877 2792
0.828073 2793
0.829676 2794
0.830444 2795
0.83452 2796
0.834809 2797
0.83519 2798
0.836631 2799
0.838135 2800
0.839487 2801
0.840719 2802
0.842089 2803
0.844011 2804
0.845017 2805
0.846121 2806
0.846485 2807
0.847252 2808
0.847411 2809
0.848537 2810
0.849662 2811
0.849855 2812
0.851527 2813
0.853132 2814
0.855134 2815
0.855161 2816
0.857116 2817
0.857526 2818
0.859656 2819
0.86208 2820
0.863431 2821
0.865937 2822
0.866674 2823
0.866918 2824
0.870463 2825
0.87067 2826
0.871035 2827
0.871949 2828
0.872698 2829
0.872873 2830
0.874181 2831
0.876592 2832
0.87758 2833
0.877853 2834
0.880582 2835
0.88117 2836
0.883009 2837
0.883943 2838
0.884703 2839
0.885757 2840
0.887196 2841
0.88801 2842
0.889662 2843
0.890387 2844
0.890508 2845
0.892379 2846
0.892763 2847
0.892809 2848
0.893068 2849
0.893221 2850
0.893686 2851
0.896428 2852
0.897857 2853
0.897995 2854
0.898309 2855
0.899785 2856
0.902345 2857
0.902658 2858
0.904161 2859
0.904482 2860
0.904793 2861
0.905746 2862
0.906876 2863
0.907501 2864
0.907965 2865
0.912347 2866
0.913289 2867
0.913517 2868
0.917809 2869
0.919607 2870
0.921543 2871
0.921667 2872
0.924391 2873
0.92448 2874
0.927589 2875
0.928584 2876
0.929076 2877
0.932068 2878
0.932158 2879
0.933233 2880
0.934567 2881
0.934821 2882
0.936071 2883
0.944251 2884
0.946127 2885
0.949774 2886
0.952285 2887
0.952381 2888
0.953252 2889
0.954113 2890
0.955731 2891
0.956033 2892
0.958975 2893
0.960836 2894
0.96585 2895
0.966276 2896
0.966846 2897
0.967224 2898
0.969124 2899
0.97095 2900
0.971822 2901
0.973915 2902
0.976347 2903
0.979522 2904
0.980958 2905
0.981525 2906
0.982806 2907
0.983293 2908
0.984739 2909
0.985403 2910
0.987207 2911
0.987658 2912
0.989781 2913
0.991485 2914
0.992389 2915
0.993136 2916
0.99656 2917
0.997525 2918
0.997835 2919
1.003823 2920
1.00395 2921
1.005406 2922
1.006748 2923
1.007477 2924
1.007942 2925
1.008846 2926
1.010956 2927
1.011635 2928
1.01245 2929
1.012517 2930
1.012613 2931
1.012635 2932
1.012803 2933
1.012818 2934
1.013141 2935
1.015335 2936
1.015737 2937
1.01722 2938
1.017816 2939
1.021825 2940
1.022625 2941
1.024145 2942
1.025271 2943
1.0253 2944
1.028671 2945
1.031657 2946
1.034767 2947
1.043661 2948
1.045375 2949
1.045413 2950
1.046489 2951
1.047019 2952
1.048273 2953
1.049749 2954
1.050529 2955
1.051131 2956
1.052083 2957
1.052294 2958
1.054987 2959
1.055559 2960
1.057221 2961
1.059052 2962
1.060654 2963
1.063017 2964
1.066368 2965
1.067801 2966
1.070723 2967
1.072483 2968
1.073176 2969
1.073808 2970
1.074502 2971
1.076357 2972
1.07939 2973
1.080925 2974
1.082573 2975
1.08278 2976
1.083099 2977
1.084426 2978
1.086494 2979
1.086552 2980
1.086641 2981
1.090386 2982
1.093121 2983
1.093123 2984
1.09561 2985
1.099433 2986
1.100123 2987
1.100623 2988
1.100732 2989
1.102243 2990
1.105448 2991
1.105646 2992
1.108839 2993
1.108889 2994
1.10981 2995
1.1113 2996
1.112334 2997
1.112595 2998
1.113071 2999
1.114226 3000
1.115629 3001
1.116499 3002
1.117817 3003
1.11825 3004
1.123182 3005
1.123367 3006
1.129399 3007
1.129461 3008
1.133889 3009
1.134379 3010
1.134473 3011
1.135123 3012
1.138299 3013
1.138821 3014
1.139932 3015
1.143372 3016
1.145234 3017
1.147429 3018
1.148683 3019
1.149035 3020
1.15059 3021
1.152564 3022
1.15517 3023
1.156002 3024
1.156284 3025
1.157433 3026
1.157758 3027
1.158938 3028
1.160497 3029
1.160686 3030
1.160911 3031
1.165017 3032
1.165515 3033
1.167065 3034
1.167494 3035
1.169448 3036
1.170196 3037
1.171411 3038
1.172609 3039
1.173733 3040
1.177294 3041
1.179616 3042
1.182291 3043
1.183074 3044
1.18316 3045
1.183613 3046
1.183826 3047
1.185763 3048
1.186665 3049
1.191014 3050
1.194395 3051
1.196037 3052
1.196231 3053
1.196538 3054
1.196652 3055
1.196886 3056
1.19912 3057
1.201939 3058
1.202052 3059
1.203572 3060
1.206649 3061
1.207637 3062
1.208185 3063
1.208603 3064
1.214391 3065
1.216827 3066
1.217026 3067
1.217858 3068
1.219507 3069
1.219568 3070
1.22339 3071
1.223413 3072
1.22342 3073
1.224265 3074
1.226734 3075
1.226794 3076
1.226955 3077
1.227395 3078
1.227869 3079
1.228011 3080
1.229633 3081
1.229673 3082
1.23302 3083
1.238351 3084
1.238602 3085
1.239548 3086
1.239622 3087
1.240378 3088
1.240459 3089
1.243211 3090
1.245982 3091
1.246664 3092
1.252637 3093
1.252899 3094
1.253021 3095
1.256186 3096
1.259005 3097
1.261568 3098
1.263623 3099
1.26474 3100
1.264742 3101
1.267468 3102
1.268007 3103
1.270261 3104
1.271476 3105
1.272535 3106
1.273665 3107
1.277503 3108
1.280408 3109
1.283587 3110
1.286312 3111
1.286632 3112
1.287231 3113
1.287637 3114
1.289753 3115
1.291456 3116
1.291463 3117
1.292195 3118
1.292642 3119
1.293668 3120
1.294809 3121
1.294881 3122
1.29721 3123
1.303564 3124
1.306092 3125
1.306748 3126
1.309197 3127
1.310165 3128
1.310507 3129
1.312121 3130
1.315986 3131
1.316668 3132
1.317462 3133
1.320937 3134
1.324436 3135
1.32469 3136
1.329277 3137
1.329499 3138
1.33134 3139
1.338032 3140
1.339384 3141
1.339953 3142
1.344268 3143
1.344454 3144
1.345991 3145
1.346247 3146
1.346319 3147
1.359386 3148
1.360508 3149
1.361172 3150
1.361662 3151
1.362529 3152
1.364175 3153
1.364714 3154
1.365142 3155
1.366087 3156
1.37961 3157
1.385637 3158
1.390508 3159
1.393833 3160
1.397879 3161
1.398284 3162
1.398737 3163
1.402437 3164
1.405472 3165
1.412108 3166
1.414923 3167
1.417688 3168
1.420756 3169
1.422075 3170
1.424295 3171
1.425703 3172
1.428529 3173
1.429964 3174
1.430267 3175
1.435503 3176
1.435749 3177
1.437224 3178
1.438429 3179
1.440769 3180
1.442279 3181
1.450074 3182
1.450836 3183
1.451038 3184
1.452846 3185
1.45478 3186
1.454855 3187
1.456059 3188
1.460194 3189
1.461639 3190
1.462727 3191
1.465696 3192
1.469266 3193
1.472425 3194
1.475648 3195
1.476418 3196
1.478727 3197
1.482871 3198
1.485733 3199
1.486398 3200
1.488843 3201
1.492163 3202
1.492891 3203
1.493147 3204
1.493204 3205
1.495039 3206
1.498819 3207
1.499335 3208
1.499974 3209
1.50176 3210
1.504719 3211
1.504976 3212
1.505817 3213
1.506318 3214
1.506703 3215
1.50799 3216
1.509712 3217
1.514501 3218
1.51738 3219
1.517863 3220
1.519642 3221
1.521911 3222
1.523368 3223
1.524505 3224
1.525075 3225
1.525541 3226
1.53062 3227
1.531738 3228
1.535534 3229
1.537235 3230
1.53984 3231
1.5402 3232
1.541139 3233
1.542368 3234
1.543686 3235
1.547304 3236
1.553071 3237
1.553838 3238
1.558789 3239
1.560644 3240
1.562356 3241
1.564626 3242
1.567808 3243
1.568586 3244
1.572248 3245
1.572295 3246
1.576955 3247
1.578579 3248
1.581577 3249
1.582014 3250
1.582714 3251
1.583015 3252
1.583655 3253
1.585746 3254
1.586876 3255
1.589958 3256
1.590977 3257
1.591887 3258
1.592221 3259
1.593578 3260
1.594243 3261
1.595062 3262
1.595375 3263
1.598944 3264
1.607018 3265
1.609911 3266
1.610917 3267
1.611338 3268
1.611921 3269
1.612328 3270
1.613917 3271
1.614124 3272
1.614157 3273
1.614942 3274
1.615634 3275
1.618288 3276
1.618747 3277
1.61901 3278
1.619768 3279
1.623617 3280
1.627331 3281
1.62855 3282
1.628771 3283
1.631007 3284
1.643102 3285
1.649849 3286
1.653039 3287
1.653708 3288
1.655251 3289
1.65617 3290
1.656546 3291
1.65868 3292
1.659173 3293
1.663779 3294
1.666656 3295
1.666774 3296
1.668124 3297
1.66886 3298
1.671202 3299
1.671511 3300
1.673015 3301
1.676448 3302
1.681265 3303
1.68313 3304
1.684969 3305
1.687024 3306
1.687486 3307
1.691274 3308
1.693419 3309
1.694457 3310
1.695179 3311
1.695599 3312
1.695635 3313
1.697975 3314
1.698622 3315
1.703002 3316
1.703683 3317
1.705635 3318
1.707294 3319
1.707303 3320
1.70779 3321
1.709958 3322
1.712078 3323
1.716728 3324
1.720914 3325
1.721456 3326
1.72424 3327
1.724737 3328
1.725676 3329
1.726978 3330
1.734525 3331
1.736698 3332
1.736884 3333
1.73989 3334
1.741412 3335
1.741421 3336
1.745118 3337
1.74856 3338
1.748812 3339
1.750983 3340
1.755454 3341
1.762745 3342
1.763618 3343
1.764243 3344
1.765084 3345
1.766717 3346
1.769235 3347
1.76925 3348
1.77163 3349
1.778744 3350
1.782146 3351
1.783466 3352
1.787128 3353
1.787337 3354
1.789715 3355
1.790703 3356
1.794408 3357
1.794473 3358
1.79731 3359
1.799921 3360
1.803055 3361
1.806148 3362
1.806586 3363
1.809296 3364
1.810662 3365
1.812316 3366
1.81451 3367
1.814702 3368
1.817879 3369
1.818962 3370
1.827159 3371
1.830978 3372
1.833964 3373
1.835855 3374
1.844764 3375
1.846209 3376
1.84827 3377
1.851112 3378
1.853761 3379
1.854046 3380
1.854081 3381
1.855452 3382
1.859228 3383
1.861094 3384
1.862576 3385
1.872367 3386
1.872414 3387
1.877731 3388
1.878853 3389
1.891395 3390
1.894634 3391
1.895304 3392
1.896054 3393
1.896785 3394
1.897967 3395
1.899436 3396
1.899686 3397
1.902605 3398
1.904141 3399
1.90852 3400
1.911849 3401
1.912866 3402
1.914358 3403
1.915741 3404
1.916639 3405
1.917654 3406
1.920317 3407
1.920852 3408
1.920889 3409
1.932568 3410
1.933053 3411
1.933903 3412
1.935358 3413
1.936454 3414
1.937325 3415
1.940824 3416
1.943463 3417
1.943819 3418
1.948353 3419
1.948493 3420
1.951716 3421
1.95706 3422
1.95846 3423
1.96212 3424
1.965071 3425
1.965513 3426
1.972815 3427
1.972891 3428
1.973636 3429
1.975595 3430
1.975822 3431
1.977664 3432
1.979674 3433
1.98021 3434
1.981495 3435
1.994945 3436
1.995387 3437
1.999863 3438
1.999886 3439
2.007726 3440
2.008672 3441
2.013637 3442
2.020777 3443
2.022034 3444
2.027925 3445
2.030443 3446
2.032728 3447
2.041858 3448
2.044739 3449
2.046216 3450
2.056985 3451
2.061557 3452
2.06277 3453
2.063355 3454
2.063466 3455
2.070097 3456
2.070475 3457
2.075097 3458
2.07712 3459
2.079122 3460
2.082598 3461
2.083157 3462
2.083353 3463
2.087555 3464
2.088591 3465
2.092578 3466
2.092864 3467
2.097119 3468
2.102045 3469
2.103064 3470
2.105302 3471
2.10661 3472
2.107488 3473
2.109797 3474
2.112277 3475
2.11343 3476
2.113628 3477
2.117189 3478
2.119724 3479
2.120112 3480
2.128013 3481
2.130785 3482
2.132079 3483
2.133791 3484
2.135237 3485
2.136298 3486
2.139146 3487
2.150864 3488
2.160205 3489
2.160623 3490
2.161348 3491
2.165094 3492
2.170805 3493
2.170907 3494
2.177055 3495
2.178158 3496
2.182723 3497
2.183092 3498
2.186103 3499
2.186563 3500
2.188654 3501
2.189006 3502
2.194187 3503
2.194295 3504
2.196939 3505
2.205522 3506
2.210719 3507
2.214836 3508
2.216927 3509
2.217321 3510
2.223844 3511
2.229035 3512
2.229045 3513
2.234391 3514
2.237791 3515
2.243987 3516
2.252144 3517
2.254794 3518
2.256173 3519
2.258962 3520
2.262148 3521
2.264886 3522
2.274711 3523
2.275514 3524
2.275976 3525
2.282117 3526
2.289404 3527
2.289685 3528
2.290167 3529
2.291219 3530
2.29455 3531
2.298595 3532
2.305152 3533
2.306266 3534
2.309624 3535
2.31265 3536
2.313016 3537
2.31537 3538
2.316263 3539
2.316832 3540
2.320676 3541
2.322048 3542
2.322238 3543
2.324488 3544
2.324953 3545
2.326897 3546
2.328354 3547
2.333126 3548
2.334273 3549
2.338861 3550
2.349829 3551
2.34987 3552
2.359777 3553
2.363062 3554
2.372575 3555
2.377226 3556
2.379676 3557
2.380902 3558
2.38443 3559
2.385168 3560
2.395092 3561
2.395813 3562
2.396326 3563
2.398567 3564
2.401364 3565
2.402692 3566
2.403248 3567
2.409068 3568
2.413626 3569
2.414858 3570
2.415272 3571
2.430654 3572
2.431882 3573
2.437381 3574
2.438266 3575
2.44072 3576
2.44247 3577
2.443241 3578
2.445471 3579
2.448222 3580
2.458842 3581
2.463923 3582
2.466388 3583
2.467874 3584
2.468046 3585
2.480421 3586
2.48477 3587
2.506014 3588
2.513142 3589
2.51492 3590
2.519103 3591
2.528866 3592
2.530773 3593
2.531475 3594
2.532969 3595
2.535732 3596
2.552059 3597
2.563838 3598
2.566854 3599
2.581799 3600
2.582466 3601
2.583438 3602
2.590892 3603
2.596275 3604
2.60323 3605
2.609528 3606
2.621481 3607
2.631432 3608
2.632341 3609
2.644686 3610
2.651084 3611
2.652644 3612
2.664754 3613
2.668774 3614
2.669269 3615
2.673391 3616
2.675599 3617
2.681682 3618
2.685314 3619
2.696473 3620
2.699679 3621
2.703878 3622
2.704732 3623
2.705559 3624
2.708778 3625
2.708905 3626
2.724677 3627
2.749367 3628
2.759399 3629
2.766338 3630
2.769002 3631
2.772062 3632
2.773972 3633
2.778707 3634
2.782009 3635
2.783216 3636
2.783895 3637
2.787603 3638
2.787717 3639
2.789708 3640
2.793706 3641
2.807443 3642
2.808428 3643
2.80897 3644
2.81261 3645
2.821337 3646
2.82256 3647
2.823082 3648
2.823714 3649
2.831955 3650
2.832097 3651
2.832999 3652
2.833599 3653
2.836369 3654
2.842666 3655
2.84276 3656
2.846252 3657
2.846622 3658
2.846836 3659
2.856988 3660
2.866658 3661
2.877285 3662
2.886504 3663
2.889276 3664
2.899434 3665
2.901199 3666
2.91036 3667
2.912043 3668
2.913454 3669
2.929798 3670
2.930419 3671
2.940422 3672
2.956132 3673
2.956392 3674
2.963135 3675
2.964345 3676
2.965331 3677
2.974648 3678
2.993138 3679
2.994483 3680
2.998827 3681
2.99977 3682
3.004128 3683
3.016777 3684
3.017737 3685
3.039655 3686
3.040141 3687
3.04543 3688
3.051665 3689
3.056068 3690
3.063801 3691
3.072412 3692
3.082212 3693
3.09049 3694
3.093309 3695
3.096979 3696
3.110284 3697
3.114116 3698
3.118516 3699
3.122915 3700
3.123328 3701
3.12762 3702
3.131458 3703
3.143358 3704
3.145571 3705
3.14787 3706
3.15429 3707
3.158388 3708
3.161768 3709
3.170467 3710
3.171434 3711
3.1722 3712
3.179129 3713
3.18085 3714
3.181148 3715
3.183627 3716
3.18374 3717
3.185182 3718
3.186358 3719
3.193667 3720
3.197605 3721
3.198622 3722
3.203096 3723
3.205206 3724
3.205945 3725
3.212036 3726
3.212682 3727
3.233952 3728
3.23912 3729
3.23954 3730
3.243391 3731
3.246615 3732
3.251322 3733
3.251706 3734
3.258083 3735
3.261937 3736
3.262637 3737
3.265291 3738
3.26551 3739
3.283725 3740
3.284596 3741
3.293189 3742
3.297009 3743
3.300061 3744
3.303689 3745
3.307106 3746
3.313991 3747
3.321948 3748
3.322986 3749
3.327156 3750
3.327837 3751
3.32883 3752
3.334819 3753
3.336581 3754
3.337058 3755
3.339335 3756
3.339541 3757
3.351371 3758
3.352951 3759
3.359901 3760
3.376855 3761
3.379642 3762
3.401438 3763
3.401933 3764
3.403475 3765
3.425213 3766
3.429945 3767
3.439349 3768
3.448904 3769
3.45113 3770
3.451821 3771
3.473151 3772
3.477331 3773
3.488402 3774
3.494289 3775
3.498115 3776
3.502264 3777
3.509298 3778
3.527182 3779
3.530085 3780
3.541203 3781
3.553046 3782
3.558297 3783
3.559544 3784
3.565028 3785
3.566239 3786
3.566371 3787
3.567083 3788
3.584406 3789
3.634657 3790
3.639557 3791
3.653838 3792
3.665054 3793
3.666862 3794
3.669937 3795
3.684498 3796
3.686489 3797
3.689857 3798
3.69689 3799
3.704991 3800
3.719504 3801
3.723083 3802
3.723386 3803
3.725879 3804
3.733663 3805
3.735902 3806
3.738868 3807
3.739457 3808
3.759296 3809
3.766027 3810
3.786253 3811
3.80539 3812
3.811676 3813
3.833329 3814
3.838076 3815
3.848287 3816
3.855164 3817
3.885471 3818
3.892581 3819
3.900644 3820
3.905165 3821
3.906613 3822
3.923091 3823
3.941866 3824
3.943634 3825
3.94662 3826
3.950082 3827
3.950787 3828
3.952112 3829
3.962186 3830
3.977656 3831
3.978512 3832
3.982225 3833
4.000628 3834
4.003805 3835
4.024776 3836
4.036571 3837
4.053978 3838
4.097303 3839
4.101724 3840
4.105479 3841
4.122332 3842
4.124742 3843
4.127117 3844
4.151672 3845
4.156198 3846
4.15686 3847
4.173698 3848
4.176515 3849
4.190183 3850
4.19238 3851
4.193131 3852
4.210262 3853
4.211958 3854
4.222563 3855
4.243387 3856
4.247657 3857
4.258579 3858
4.269379 3859
4.270867 3860
4.279879 3861
4.299091 3862
4.326631 3863
4.331158 3864
4.332392 3865
4.348958 3866
4.399175 3867
4.437092 3868
4.442739 3869
4.444295 3870
4.44529 3871
4.470904 3872
4.473559 3873
4.480171 3874
4.480546 3875
4.482716 3876
4.484682 3877
4.498286 3878
4.519028 3879
4.54195 3880
4.561165 3881
4.572122 3882
4.590772 3883
4.609058 3884
4.611889 3885
4.614917 3886
4.622388 3887
4.627849 3888
4.637246 3889
4.639666 3890
4.661799 3891
4.66242 3892
4.6667 3893
4.667131 3894
4.690887 3895
4.696437 3896
4.701064 3897
4.714376 3898
4.723182 3899
4.741678 3900
4.743055 3901
4.74842 3902
4.74924 3903
4.759044 3904
4.767397 3905
4.771977 3906
4.775853 3907
4.78623 3908
4.789809 3909
4.790337 3910
4.807032 3911
4.811171 3912
4.82534 3913
4.830639 3914
4.868162 3915
4.876296 3916
4.890058 3917
4.897136 3918
4.898624 3919
4.904902 3920
4.917014 3921
4.922123 3922
4.930278 3923
4.9487 3924
4.950539 3925
4.955945 3926
4.971119 3927
4.97933 3928
4.98922 3929
5.033346 3930
5.037524 3931
5.063918 3932
5.079887 3933
5.07999 3934
5.096325 3935
5.096724 3936
5.101316 3937
5.104539 3938
5.109224 3939
5.122265 3940
5.125411 3941
5.12632 3942
5.136615 3943
5.138117 3944
5.152177 3945
5.158592 3946
5.176553 3947
5.177361 3948
5.187757 3949
5.192541 3950
5.235483 3951
5.249352 3952
5.251602 3953
5.255563 3954
5.296972 3955
5.301524 3956
5.312614 3957
5.330457 3958
5.337152 3959
5.345624 3960
5.371239 3961
5.403427 3962
5.404597 3963
5.426774 3964
5.462672 3965
5.470929 3966
5.499408 3967
5.50633 3968
5.526696 3969
5.526722 3970
5.539728 3971
5.551888 3972
5.556221 3973
5.572476 3974
5.612472 3975
5.617517 3976
5.626701 3977
5.631629 3978
5.633754 3979
5.652637 3980
5.661992 3981
5.698964 3982
5.701533 3983
5.715567 3984
5.73706 3985
5.750102 3986
5.780545 3987
5.798094 3988
5.799678 3989
5.817207 3990
5.828758 3991
5.864613 3992
5.864774 3993
5.868669 3994
5.879415 3995
5.911853 3996
5.912899 3997
5.927657 3998
5.934473 3999
5.958529 4000
5.962686 4001
5.963457 4002
5.991951 4003
5.997694 4004
6.033859 4005
6.044218 4006
6.074114 4007
6.09573 4008
6.10712 4009
6.151554 4010
6.192585 4011
6.223308 4012
6.273927 4013
6.285319 4014
6.305606 4015
6.319671 4016
6.331448 4017
6.345924 4018
6.350749 4019
6.36787 4020
6.369116 4021
6.376758 4022
6.385266 4023
6.408688 4024
6.420895 4025
6.430471 4026
6.467378 4027
6.481797 4028
6.4956 4029
6.518047 4030
6.521255 4031
6.524948 4032
6.53177 4033
6.540124 4034
6.563961 4035
6.575661 4036
6.584139 4037
6.605845 4038
6.640425 4039
6.652679 4040
6.660808 4041
6.661564 4042
6.672749 4043
6.676162 4044
6.694601 4045
6.79953 4046
6.846217 4047
6.865321 4048
6.866314 4049
6.872796 4050
6.904667 4051
6.948352 4052
6.961162 4053
7.006706 4054
7.010366 4055
7.015219 4056
7.028214 4057
7.061334 4058
7.072837 4059
7.075398 4060
7.109888 4061
7.113511 4062
7.167904 4063
7.170978 4064
7.197352 4065
7.215355 4066
7.271477 4067
7.300577 4068
7.327835 4069
7.32878 4070
7.356144 4071
7.357963 4072
7.369214 4073
7.379804 4074
7.406936 4075
7.427237 4076
7.454147 4077
7.480467 4078
7.483218 4079
7.490473 4080
7.508445 4081
7.563911 4082
7.571747 4083
7.584369 4084
7.596559 4085
7.616269 4086
7.654017 4087
7.661666 4088
7.673404 4089
7.678455 4090
7.741923 4091
7.758402 4092
7.778078 4093
7.877145 4094
7.886594 4095
7.886906 4096
7.894396 4097
7.897255 4098
7.904408 4099
7.917344 4100
7.943117 4101
7.997765 4102
8.034891 4103
8.092737 4104
8.121274 4105
8.150798 4106
8.152199 4107
8.19377 4108
8.195546 4109
8.217854 4110
8.263576 4111
8.27982 4112
8.282133 4113
8.305775 4114
8.332207 4115
8.342753 4116
8.351437 4117
8.379825 4118
8.389303 4119
8.399065 4120
8.44246 4121
8.44934 4122
8.496443 4123
8.503195 4124
8.516384 4125
8.526695 4126
8.545941 4127
8.55927 4128
8.571151 4129
8.588318 4130
8.607044 4131
8.636945 4132
8.638039 4133
8.643202 4134
8.67627 4135
8.693353 4136
8.750264 4137
8.774906 4138
8.776908 4139
8.79042 4140
8.807038 4141
8.815282 4142
8.874338 4143
8.880577 4144
8.88469 4145
8.921711 4146
9.022878 4147
9.050759 4148
9.118493 4149
9.142593 4150
9.207732 4151
9.244313 4152
9.244619 4153
9.269805 4154
9.279159 4155
9.31922 4156
9.326291 4157
9.332519 4158
9.355568 4159
9.400503 4160
9.438212 4161
9.458189 4162
9.540291 4163
9.548149 4164
9.574603 4165
9.591524 4166
9.666379 4167
9.683584 4168
9.695612 4169
9.726792 4170
9.728392 4171
9.753019 4172
9.759417 4173
9.785403 4174
9.806617 4175
9.807262 4176
9.810488 4177
9.839228 4178
9.841382 4179
9.851905 4180
9.875082 4181
9.930868 4182
9.939235 4183
10.023092 4184
10.03198 4185
