time solved
0.001159 0
0.002866 1
0.002983 2
0.003651 3
0.003762 4
0.003806 5
0.003972 6
0.004152 7
0.004289 8
0.005748 9
0.006364 10
0.007913 11
0.008415 12
0.00933 13
0.010953 14
0.011402 15
0.011635 16
0.013037 17
0.013476 18
0.016889 19
0.016992 20
0.018998 21
0.021349 22
0.023845 23
0.095378 24
0.152886 25
0.177743 26
0.181019 27
0.184781 28
0.188367 29
0.209552 30
0.212566 31
0.214378 32
0.216919 33
0.223016 34
0.223455 35
0.231443 36
0.232559 37
0.232669 38
0.235993 39
0.236826 40
0.237465 41
0.237698 42
0.241753 43
0.244949 44
0.249063 45
0.252415 46
0.252672 47
0.253249 48
0.254732 49
0.255218 50
0.258609 51
0.260002 52
0.261243 53
0.262066 54
0.264652 55
0.270714 56
0.272124 57
0.272194 58
0.277421 59
0.278758 60
0.279069 61
0.279496 62
0.280036 63
0.282324 64
0.283033 65
0.283208 66
0.284717 67
0.285003 68
0.285862 69
0.286608 70
0.286652 71
0.286975 72
0.287379 73
0.289027 74
0.290203 75
0.290531 76
0.290533 77
0.290801 78
0.290866 79
0.291158 80
0.291763 81
0.295031 82
0.295099 83
0.29635 84
0.296611 85
0.297014 86
0.297839 87
0.298518 88
0.299274 89
0.300929 90
0.306743 91
0.30711 92
0.308141 93
0.308328 94
0.308708 95
0.310121 96
0.310255 97
0.31052 98
0.310629 99
0.311741 100
0.311792 101
0.311795 102
0.312109 103
0.313568 104
0.316124 105
0.316642 106
0.316791 107
0.31764 108
0.31807 109
0.318836 110
0.319214 111
0.320178 112
0.321545 113
0.321748 114
0.322653 115
0.322757 116
0.325272 117
0.325374 118
0.327337 119
0.329569 120
0.332107 121
0.332669 122
0.332696 123
0.333589 124
0.334118 125
0.335188 126
0.335596 127
0.337073 128
0.33798 129
0.338 130
0.338887 131
0.338943 132
0.341281 133
0.341811 134
0.341929 135
0.342088 136
0.342541 137
0.342817 138
0.342855 139
0.342877 140
0.345626 141
0.34564 142
0.346591 143
0.346624 144
0.347623 145
0.348173 146
0.348224 147
0.349414 148
0.350488 149
0.351376 150
0.35257 151
0.353978 152
0.354128 153
0.354654 154
0.356087 155
0.356149 156
0.356408 157
0.356936 158
0.356947 159
0.357044 160
0.357387 161
0.358062 162
0.35926 163
0.359303 164
0.359326 165
0.359589 166
0.360629 167
0.363534 168
0.364845 169
0.368429 170
0.368854 171
0.369589 172
0.369606 173
0.370393 174
0.371424 175
0.372893 176
0.374307 177
0.375014 178
0.375527 179
0.37622 180
0.377148 181
0.377241 182
0.377587 183
0.377697 184
0.377827 185
0.377933 186
0.377973 187
0.378502 188
0.378693 189
0.378802 190
0.379207 191
0.380065 192
0.381156 193
0.381257 194
0.381855 195
0.383239 196
0.383257 197
0.383393 198
0.384593 199
0.385 200
0.385097 201
0.388508 202
0.389056 203
0.389361 204
0.390125 205
0.39038 206
0.390473 207
0.39058 208
0.390605 209
0.390843 210
0.391834 211
0.392813 212
0.39292 213
0.394799 214
0.395849 215
0.396079 216
0.396828 217
0.397166 218
0.397352 219
0.397576 220
0.39799 221
0.398389 222
0.398809 223
0.399577 224
0.399891 225
0.400969 226
0.401524 227
0.401821 228
0.40225 229
0.402736 230
0.402965 231
0.403692 232
0.405061 233
0.405206 234
0.405818 235
0.406196 236
0.406804 237
0.408198 238
0.408339 239
0.408415 240
0.408546 241
0.40986 242
0.410064 243
0.411228 244
0.411725 245
0.412223 246
0.412314 247
0.413382 248
0.413534 249
0.413963 250
0.414125 251
0.414452 252
0.415086 253
0.415446 254
0.416016 255
0.416385 256
0.417689 257
0.418608 258
0.418825 259
0.419494 260
0.419888 261
0.420328 262
0.420433 263
0.42045 264
0.420931 265
0.42149 266
0.422386 267
0.4227 268
0.422801 269
0.423498 270
0.423566 271
0.424375 272
0.42443 273
0.425424 274
0.425506 275
0.425717 276
0.426328 277
0.427837 278
0.428158 279
0.429598 280
0.430155 281
0.430338 282
0.430828 283
0.431355 284
0.432924 285
0.433096 286
0.43369 287
0.434031 288
0.434172 289
0.43439 290
0.435612 291
0.43573 292
0.43641 293
0.436569 294
0.436838 295
0.437061 296
0.437387 297
0.438775 298
0.438807 299
0.439945 300
0.440262 301
0.440447 302
0.44059 303
0.442665 304
0.443126 305
0.443924 306
0.444095 307
0.444199 308
0.444211 309
0.444283 310
0.444945 311
0.444985 312
0.446063 313
0.446689 314
0.446851 315
0.446953 316
0.446978 317
0.447201 318
0.447241 319
0.447499 320
0.447567 321
0.447989 322
0.448078 323
0.448632 324
0.448832 325
0.44911 326
0.450576 327
0.450901 328
0.451196 329
0.451623 330
0.451987 331
0.453386 332
0.453646 333
0.453666 334
0.453689 335
0.453822 336
0.454074 337
0.454225 338
0.454293 339
0.454969 340
0.455158 341
0.456364 342
0.45643 343
0.457501 344
0.457524 345
0.458725 346
0.459427 347
0.4595 348
0.459591 349
0.459681 350
0.45978 351
0.459946 352
0.460495 353
0.462092 354
0.463129 355
0.463622 356
0.464034 357
0.464599 358
0.46514 359
0.465372 360
0.4654 361
0.466022 362
0.466421 363
0.467044 364
0.467731 365
0.468932 366
0.46926 367
0.470621 368
0.470874 369
0.47088 370
0.470933 371
0.471212 372
0.471262 373
0.471897 374
0.471964 375
0.474014 376
0.474215 377
0.474289 378
0.474847 379
0.475058 380
0.475373 381
0.476368 382
0.477302 383
0.477639 384
0.479656 385
0.48054 386
0.481429 387
0.481615 388
0.481827 389
0.482193 390
0.483295 391
0.485685 392
0.486144 393
0.486175 394
0.486292 395
0.486703 396
0.487387 397
0.488555 398
0.488628 399
0.489235 400
0.489885 401
0.489889 402
0.490117 403
0.491479 404
0.491921 405
0.493894 406
0.493934 407
0.495467 408
0.49637 409
0.496665 410
0.497176 411
0.497178 412
0.497556 413
0.497939 414
0.498528 415
0.499428 416
0.500478 417
0.50064 418
0.500827 419
0.50118 420
0.501406 421
0.503388 422
0.505682 423
0.506112 424
0.506288 425
0.506923 426
0.507113 427
0.50714 428
0.507486 429
0.507837 430
0.50822 431
0.508523 432
0.509074 433
0.51068 434
0.511584 435
0.511632 436
0.512231 437
0.512957 438
0.513115 439
0.513178 440
0.513413 441
0.51379 442
0.514822 443
0.515195 444
0.515975 445
0.516381 446
0.516742 447
0.517605 448
0.51956 449
0.52099 450
0.522723 451
0.523576 452
0.523645 453
0.524651 454
0.525394 455
0.526084 456
0.527597 457
0.527746 458
0.529309 459
0.529415 460
0.531065 461
0.531067 462
0.531276 463
0.532871 464
0.533127 465
0.533221 466
0.533396 467
0.534339 468
0.534453 469
0.53462 470
0.534724 471
0.536276 472
0.537195 473
0.53728 474
0.537854 475
0.538528 476
0.53919 477
0.53976 478
0.540197 479
0.54028 480
0.540319 481
0.541166 482
0.541357 483
0.541876 484
0.542091 485
0.542146 486
0.54263 487
0.542778 488
0.543984 489
0.543985 490
0.544107 491
0.544994 492
0.545038 493
0.54537 494
0.546216 495
0.546275 496
0.546609 497
0.546745 498
0.546761 499
0.546788 500
0.546869 501
0.548216 502
0.549346 503
0.549558 504
0.550802 505
0.551069 506
0.551107 507
0.551138 508
0.551638 509
0.552362 510
0.553706 511
0.55576 512
0.556045 513
0.556424 514
0.55663 515
0.556686 516
0.556815 517
0.557074 518
0.55733 519
0.557549 520
0.557559 521
0.559679 522
0.559728 523
0.559867 524
0.560221 525
0.561389 526
0.561694 527
0.56221 528
0.562344 529
0.562408 530
0.562878 531
0.563207 532
0.564477 533
0.564815 534
0.565155 535
0.56567 536
0.567483 537
0.569255 538
0.569806 539
0.570462 540
0.570711 541
0.571601 542
0.571808 543
0.572208 544
0.573124 545
0.573632 546
0.576056 547
0.576792 548
0.577517 549
0.578513 550
0.579854 551
0.580211 552
0.580685 553
0.580749 554
0.581437 555
0.581586 556
0.581812 557
0.582129 558
0.582261 559
0.582553 560
0.583368 561
0.583598 562
0.584639 563
0.58477 564
0.5851 565
0.585543 566
0.586089 567
0.586645 568
0.58668 569
0.588312 570
0.588494 571
0.588525 572
0.588636 573
0.588852 574
0.589255 575
0.590715 576
0.591083 577
0.591133 578
0.591193 579
0.591223 580
0.592938 581
0.592983 582
0.593447 583
0.593684 584
0.595184 585
0.595363 586
0.597148 587
0.599442 588
0.599738 589
0.600662 590
0.601667 591
0.602364 592
0.603315 593
0.603525 594
0.606323 595
0.606957 596
0.608474 597
0.608521 598
0.609325 599
0.610047 600
0.610252 601
0.611173 602
0.611238 603
0.611847 604
0.612286 605
0.612692 606
0.612782 607
0.613179 608
0.613421 609
0.613691 610
0.614102 611
0.614999 612
0.615486 613
0.616668 614
0.617052 615
0.617889 616
0.619734 617
0.619888 618
0.621963 619
0.623024 620
0.623042 621
0.623226 622
0.62417 623
0.624615 624
0.624842 625
0.625977 626
0.626221 627
0.626624 628
0.627352 629
0.627727 630
0.628869 631
0.62947 632
0.629474 633
0.629584 634
0.631116 635
0.631128 636
0.631561 637
0.632239 638
0.633295 639
0.633725 640
0.634005 641
0.634005 642
0.634019 643
0.634407 644
0.634589 645
0.635064 646
0.635382 647
0.635561 648
0.636566 649
0.636611 650
0.638214 651
0.639171 652
0.639216 653
0.639277 654
0.639507 655
0.640083 656
0.640141 657
0.640636 658
0.640847 659
0.642124 660
0.643048 661
0.643632 662
0.643907 663
0.644263 664
0.644402 665
0.644995 666
0.645453 667
0.646467 668
0.646635 669
0.648281 670
0.648307 671
0.648864 672
0.648905 673
0.649647 674
0.649721 675
0.64999 676
0.650307 677
0.650476 678
0.650742 679
0.652103 680
0.653502 681
0.654919 682
0.655057 683
0.655364 684
0.655865 685
0.655877 686
0.656838 687
0.656846 688
0.657183 689
0.658082 690
0.658561 691
0.659855 692
0.662402 693
0.663429 694
0.663566 695
0.665156 696
0.665729 697
0.666114 698
0.666348 699
0.666416 700
0.6667 701
0.667381 702
0.668704 703
0.671155 704
0.671706 705
0.673853 706
0.673945 707
0.67438 708
0.675314 709
0.675642 710
0.677593 711
0.678403 712
0.678427 713
0.679303 714
0.679693 715
0.681882 716
0.683347 717
0.683422 718
0.684495 719
0.685084 720
0.685122 721
0.685425 722
0.686027 723
0.68621 724
0.687974 725
0.689023 726
0.689134 727
0.689345 728
0.689512 729
0.689527 730
0.68968 731
0.689707 732
0.690364 733
0.691056 734
0.693906 735
0.694122 736
0.696002 737
0.696887 738
0.697563 739
0.698723 740
0.701844 741
0.702417 742
0.702519 743
0.702868 744
0.7038 745
0.70422 746
0.704265 747
0.704853 748
0.705279 749
0.705805 750
0.708417 751
0.708579 752
0.708913 753
0.709688 754
0.710202 755
0.710899 756
0.711604 757
0.712025 758
0.712309 759
0.712317 760
0.713086 761
0.713355 762
0.713929 763
0.714685 764
0.714763 765
0.714833 766
0.716239 767
0.716354 768
0.716607 769
0.717423 770
0.718407 771
0.719177 772
0.719266 773
0.719487 774
0.719546 775
0.719959 776
0.721021 777
0.721253 778
0.721444 779
0.723155 780
0.723509 781
0.723723 782
0.723754 783
0.724753 784
0.724872 785
0.725163 786
0.728136 787
0.730284 788
0.73405 789
0.735374 790
0.736175 791
0.736196 792
0.736274 793
0.736774 794
0.739234 795
0.739616 796
0.739659 797
0.740123 798
0.740225 799
0.740491 800
0.742942 801
0.744363 802
0.745196 803
0.745856 804
0.745983 805
0.746672 806
0.747961 807
0.748035 808
0.748172 809
0.748892 810
0.750749 811
0.75148 812
0.752692 813
0.752798 814
0.753092 815
0.753742 816
0.754013 817
0.754141 818
0.754179 819
0.755226 820
0.7553 821
0.756597 822
0.756826 823
0.757103 824
0.757889 825
0.758005 826
0.758521 827
0.75991 828
0.760089 829
0.760914 830
0.761141 831
0.761507 832
0.761793 833
0.761819 834
0.762663 835
0.763292 836
0.764535 837
0.765912 838
0.765927 839
0.768099 840
0.76821 841
0.768915 842
0.769229 843
0.770782 844
0.771118 845
0.771684 846
0.772084 847
0.77269 848
0.773179 849
0.777409 850
0.777871 851
0.779762 852
0.779892 853
0.780226 854
0.78031 855
0.781598 856
0.783065 857
0.783308 858
0.785362 859
0.786198 860
0.786594 861
0.787542 862
0.788578 863
0.7886 864
0.79104 865
0.791733 866
0.792259 867
0.792264 868
0.792871 869
0.792888 870
0.794767 871
0.794876 872
0.795019 873
0.795935 874
0.796221 875
0.796455 876
0.797733 877
0.799226 878
0.800949 879
0.801872 880
0.80253 881
0.803215 882
0.803948 883
0.804229 884
0.804232 885
0.805833 886
0.808729 887
0.810346 888
0.811114 889
0.811227 890
0.811375 891
0.811515 892
0.812579 893
0.812978 894
0.813373 895
0.813473 896
0.814541 897
0.81991 898
0.820283 899
0.820606 900
0.821367 901
0.823293 902
0.823519 903
0.824447 904
0.825452 905
0.825487 906
0.826963 907
0.827857 908
0.828255 909
0.828484 910
0.82885 911
0.829756 912
0.830143 913
0.831792 914
0.831943 915
0.832498 916
0.83288 917
0.833853 918
0.834358 919
0.834491 920
0.835191 921
0.835468 922
0.836644 923
0.836824 924
0.836851 925
0.837788 926
0.837912 927
0.83871 928
0.839353 929
0.840116 930
0.841121 931
0.841383 932
0.843254 933
0.84711 934
0.848206 935
0.848708 936
0.848863 937
0.849727 938
0.849959 939
0.850076 940
0.851188 941
0.855954 942
0.855957 943
0.856459 944
0.857296 945
0.857892 946
0.859196 947
0.859559 948
0.861012 949
0.861039 950
0.863155 951
0.863194 952
0.863794 953
0.864723 954
0.864828 955
0.86622 956
0.866531 957
0.867216 958
0.867332 959
0.868579 960
0.870716 961
0.870744 962
0.870985 963
0.871098 964
0.872599 965
0.876199 966
0.877818 967
0.878666 968
0.879794 969
0.879988 970
0.880121 971
0.882305 972
0.883301 973
0.883926 974
0.886055 975
0.891409 976
0.891736 977
0.892227 978
0.893654 979
0.893682 980
0.895709 981
0.897169 982
0.89873 983
0.899093 984
0.899196 985
0.899483 986
0.900532 987
0.901336 988
0.902819 989
0.902835 990
0.903755 991
0.90409 992
0.906015 993
0.906676 994
0.908305 995
0.908475 996
0.911713 997
0.912197 998
0.913885 999
0.914119 1000
0.914746 1001
0.915219 1002
0.915424 1003
0.915521 1004
0.91611 1005
0.917161 1006
0.917518 1007
0.917585 1008
0.91909 1009
0.921293 1010
0.921462 1011
0.922158 1012
0.925012 1013
0.926139 1014
0.92639 1015
0.927511 1016
0.929088 1017
0.931458 1018
0.936196 1019
0.936448 1020
0.936518 1021
0.937359 1022
0.937532 1023
0.940224 1024
0.940856 1025
0.942512 1026
0.944126 1027
0.945512 1028
0.946376 1029
0.948158 1030
0.95175 1031
0.954432 1032
0.962936 1033
0.964808 1034
0.966551 1035
0.966921 1036
0.968959 1037
0.970184 1038
0.971059 1039
0.97158 1040
0.974376 1041
0.97501 1042
0.975412 1043
0.975481 1044
0.977081 1045
0.978729 1046
0.983282 1047
0.984559 1048
0.985027 1049
0.987271 1050
0.987427 1051
0.988714 1052
0.989204 1053
0.989217 1054
0.989669 1055
0.990328 1056
0.993502 1057
0.994113 1058
0.994768 1059
0.994818 1060
0.996035 1061
0.996339 1062
1.00139 1063
1.001438 1064
1.002438 1065
1.004311 1066
1.005906 1067
1.008237 1068
1.009897 1069
1.010227 1070
1.010745 1071
1.011171 1072
1.012471 1073
1.015392 1074
1.018684 1075
1.019284 1076
1.020367 1077
1.022859 1078
1.027117 1079
1.0273 1080
1.028362 1081
1.03265 1082
1.032655 1083
1.033882 1084
1.033995 1085
1.035548 1086
1.036973 1087
1.039567 1088
1.04171 1089
1.042695 1090
1.043155 1091
1.046496 1092
1.04918 1093
1.05201 1094
1.055056 1095
1.055639 1096
1.057144 1097
1.057596 1098
1.066086 1099
1.069505 1100
1.071775 1101
1.075196 1102
1.07617 1103
1.077441 1104
1.077881 1105
1.083069 1106
1.086281 1107
1.087888 1108
1.088649 1109
1.0901 1110
1.09041 1111
1.090818 1112
1.091386 1113
1.091551 1114
1.093375 1115
1.096224 1116
1.097535 1117
1.097781 1118
1.099419 1119
1.101216 1120
1.102405 1121
1.103024 1122
1.11003 1123
1.110954 1124
1.113724 1125
1.115575 1126
1.118192 1127
1.124187 1128
1.124581 1129
1.124615 1130
1.125139 1131
1.125791 1132
1.126574 1133
1.126878 1134
1.127034 1135
1.132643 1136
1.132873 1137
1.133208 1138
1.133673 1139
1.134202 1140
1.138699 1141
1.139591 1142
1.139776 1143
1.140499 1144
1.143379 1145
1.146211 1146
1.146639 1147
1.153174 1148
1.155504 1149
1.158069 1150
1.159336 1151
1.161392 1152
1.162902 1153
1.164308 1154
1.166761 1155
1.172062 1156
1.172528 1157
1.175998 1158
1.177486 1159
1.178228 1160
1.180387 1161
1.181094 1162
1.182138 1163
1.182994 1164
1.184335 1165
1.186568 1166
1.189225 1167
1.190333 1168
1.192484 1169
1.195411 1170
1.196478 1171
1.196628 1172
1.198281 1173
1.200509 1174
1.203154 1175
1.207467 1176
1.208404 1177
1.209148 1178
1.211016 1179
1.211279 1180
1.21449 1181
1.216556 1182
1.216677 1183
1.219392 1184
1.223785 1185
1.225196 1186
1.228859 1187
1.230035 1188
1.2333 1189
1.236458 1190
1.240747 1191
1.242232 1192
1.242265 1193
1.242359 1194
1.243262 1195
1.243917 1196
1.244173 1197
1.250159 1198
1.253234 1199
1.256615 1200
1.260282 1201
1.260725 1202
1.261106 1203
1.261191 1204
1.261296 1205
1.261494 1206
1.263447 1207
1.264925 1208
1.266129 1209
1.266922 1210
1.267246 1211
1.26855 1212
1.269257 1213
1.275124 1214
1.277071 1215
1.27747 1216
1.277942 1217
1.281262 1218
1.281821 1219
1.283218 1220
1.286024 1221
1.287113 1222
1.289081 1223
1.29081 1224
1.292681 1225
1.298443 1226
1.299225 1227
1.304778 1228
1.306573 1229
1.30683 1230
1.308326 1231
1.311091 1232
1.314603 1233
1.315534 1234
1.317719 1235
1.318858 1236
1.321922 1237
1.323008 1238
1.325482 1239
1.332527 1240
1.333102 1241
1.339351 1242
1.341053 1243
1.342119 1244
1.342963 1245
1.348771 1246
1.348786 1247
1.357196 1248
1.357294 1249
1.359483 1250
1.360527 1251
1.362001 1252
1.365642 1253
1.369555 1254
1.371178 1255
1.371808 1256
1.372608 1257
1.372749 1258
1.372824 1259
1.373109 1260
1.374399 1261
1.374562 1262
1.374627 1263
1.377465 1264
1.378241 1265
1.379603 1266
1.379817 1267
1.38057 1268
1.382776 1269
1.387158 1270
1.387306 1271
1.391272 1272
1.392534 1273
1.398305 1274
1.399543 1275
1.400098 1276
1.400805 1277
1.4019 1278
1.40454 1279
1.407022 1280
1.410114 1281
1.412823 1282
1.415495 1283
1.420948 1284
1.421035 1285
1.426061 1286
1.429831 1287
1.432906 1288
1.438262 1289
1.441688 1290
1.443146 1291
1.447548 1292
1.448067 1293
1.450502 1294
1.452232 1295
1.453924 1296
1.456082 1297
1.456965 1298
1.459096 1299
1.459615 1300
1.463057 1301
1.463247 1302
1.467379 1303
1.468768 1304
1.472009 1305
1.472389 1306
1.480612 1307
1.488142 1308
1.490246 1309
1.492002 1310
1.502877 1311
1.504206 1312
1.507567 1313
1.510562 1314
1.518561 1315
1.520229 1316
1.525168 1317
1.52528 1318
1.527774 1319
1.530008 1320
1.532053 1321
1.533567 1322
1.53684 1323
1.539763 1324
1.540595 1325
1.543172 1326
1.544546 1327
1.54562 1328
1.549672 1329
1.554382 1330
1.555659 1331
1.559997 1332
1.562793 1333
1.56301 1334
1.564159 1335
1.565512 1336
1.570026 1337
1.570442 1338
1.574248 1339
1.57913 1340
1.582657 1341
1.584362 1342
1.587803 1343
1.588181 1344
1.595658 1345
1.598994 1346
1.599799 1347
1.610424 1348
1.612063 1349
1.612808 1350
1.614223 1351
1.614288 1352
1.61471 1353
1.615989 1354
1.620212 1355
1.623321 1356
1.62735 1357
1.630498 1358
1.638483 1359
1.642564 1360
1.650461 1361
1.651995 1362
1.655673 1363
1.656973 1364
1.657263 1365
1.659779 1366
1.661117 1367
1.661227 1368
1.662217 1369
1.663671 1370
1.668093 1371
1.673622 1372
1.676499 1373
1.676507 1374
1.679531 1375
1.683236 1376
1.683331 1377
1.685212 1378
1.686515 1379
1.687313 1380
1.693577 1381
1.694786 1382
1.700229 1383
1.707092 1384
1.708 1385
1.714612 1386
1.71992 1387
1.720415 1388
1.722695 1389
1.725501 1390
1.729897 1391
1.734158 1392
1.736753 1393
1.737339 1394
1.738814 1395
1.747538 1396
1.748537 1397
1.75004 1398
1.753746 1399
1.756674 1400
1.756849 1401
1.757174 1402
1.757525 1403
1.757583 1404
1.759071 1405
1.776672 1406
1.783906 1407
1.790381 1408
1.797556 1409
1.804377 1410
1.806079 1411
1.806728 1412
1.812 1413
1.814227 1414
1.820618 1415
1.823354 1416
1.824398 1417
1.827726 1418
1.83056 1419
1.836925 1420
1.839532 1421
1.847617 1422
1.851885 1423
1.85301 1424
1.877014 1425
1.878223 1426
1.879488 1427
1.893381 1428
1.896804 1429
1.90272 1430
1.904118 1431
1.905314 1432
1.905542 1433
1.911524 1434
1.91641 1435
1.91801 1436
1.919299 1437
1.920767 1438
1.932143 1439
1.934102 1440
1.937648 1441
1.944495 1442
1.944536 1443
1.948035 1444
1.950178 1445
1.95068 1446
1.951298 1447
1.952045 1448
1.952163 1449
1.957847 1450
1.965215 1451
1.967822 1452
1.967834 1453
1.968984 1454
1.987762 1455
1.994952 1456
1.995897 1457
1.996576 1458
2.000345 1459
2.005378 1460
2.005815 1461
2.00998 1462
2.017906 1463
2.025208 1464
2.027242 1465
2.041192 1466
2.049666 1467
2.049795 1468
2.053309 1469
2.053993 1470
2.063135 1471
2.067621 1472
2.078421 1473
2.089181 1474
2.092513 1475
2.094675 1476
2.100902 1477
2.107079 1478
2.117046 1479
2.126209 1480
2.13392 1481
2.137058 1482
2.146213 1483
2.15457 1484
2.160779 1485
2.165835 1486
2.167486 1487
2.168934 1488
2.170458 1489
2.171641 1490
2.17374 1491
2.181795 1492
2.185056 1493
2.191332 1494
2.191558 1495
2.19297 1496
2.195133 1497
2.198979 1498
2.206508 1499
2.21367 1500
2.2199 1501
2.220883 1502
2.230568 1503
2.232108 1504
2.243439 1505
2.245972 1506
2.247769 1507
2.257908 1508
2.264997 1509
2.266991 1510
2.273511 1511
2.280919 1512
2.28281 1513
2.292238 1514
2.300836 1515
2.30883 1516
2.30954 1517
2.311512 1518
2.316905 1519
2.326214 1520
2.338048 1521
2.357327 1522
2.357332 1523
2.362768 1524
2.36419 1525
2.380313 1526
2.383351 1527
2.39298 1528
2.397363 1529
2.401295 1530
2.401732 1531
2.40571 1532
2.420158 1533
2.424757 1534
2.425201 1535
2.453257 1536
2.45326 1537
2.460274 1538
2.480643 1539
2.481218 1540
2.493878 1541
2.496401 1542
2.500027 1543
2.502242 1544
2.506099 1545
2.509635 1546
2.515614 1547
2.519852 1548
2.524829 1549
2.527377 1550
2.52766 1551
2.529416 1552
2.546171 1553
2.554198 1554
2.558812 1555
2.566594 1556
2.576065 1557
2.578384 1558
2.581752 1559
2.600143 1560
2.614886 1561
2.622901 1562
2.63115 1563
2.632152 1564
2.633932 1565
2.64245 1566
2.660908 1567
2.661279 1568
2.676698 1569
2.678035 1570
2.696588 1571
2.69825 1572
2.708155 1573
2.711033 1574
2.711377 1575
2.734021 1576
2.738411 1577
2.738919 1578
2.749774 1579
2.755072 1580
2.7641 1581
2.785014 1582
2.791174 1583
2.801271 1584
2.802094 1585
2.820334 1586
2.826484 1587
2.827313 1588
2.82871 1589
2.830477 1590
2.841717 1591
2.852388 1592
2.863514 1593
2.867748 1594
2.884547 1595
2.897238 1596
2.906253 1597
2.906364 1598
2.907636 1599
2.920758 1600
2.943527 1601
2.944948 1602
2.952963 1603
2.961296 1604
2.965487 1605
2.983133 1606
2.988198 1607
2.988815 1608
2.991977 1609
3.007942 1610
3.017398 1611
3.033841 1612
3.037819 1613
3.050169 1614
3.05561 1615
3.059991 1616
3.072177 1617
3.093756 1618
3.104587 1619
3.116207 1620
3.134418 1621
3.135131 1622
3.138343 1623
3.140355 1624
3.160304 1625
3.161339 1626
3.199465 1627
3.234687 1628
3.245618 1629
3.258037 1630
3.274082 1631
3.300249 1632
3.323166 1633
3.353257 1634
3.358495 1635
3.361088 1636
3.37126 1637
3.372408 1638
3.381124 1639
3.386006 1640
3.396743 1641
3.397663 1642
3.418713 1643
3.424846 1644
3.438312 1645
3.46486 1646
3.473198 1647
3.481307 1648
3.482942 1649
3.491779 1650
3.492841 1651
3.497052 1652
3.538893 1653
3.542119 1654
3.556045 1655
3.558493 1656
3.574218 1657
3.583353 1658
3.604548 1659
3.635906 1660
3.638874 1661
3.652009 1662
3.665451 1663
3.676787 1664
3.69739 1665
3.71002 1666
3.734584 1667
3.773999 1668
3.774894 1669
3.794681 1670
3.821451 1671
3.837671 1672
3.851296 1673
3.857642 1674
3.867011 1675
3.871021 1676
3.877195 1677
3.90475 1678
3.909442 1679
3.939015 1680
3.940595 1681
3.943476 1682
3.946265 1683
3.996913 1684
3.998118 1685
4.006674 1686
4.013876 1687
4.036046 1688
4.042761 1689
4.075381 1690
4.079798 1691
4.098307 1692
4.107038 1693
4.109294 1694
4.145093 1695
4.147897 1696
4.150983 1697
4.154592 1698
4.156453 1699
4.182352 1700
4.182596 1701
4.186652 1702
4.189159 1703
4.193885 1704
4.218148 1705
4.240026 1706
4.252705 1707
4.262696 1708
4.268116 1709
4.271157 1710
4.301971 1711
4.306048 1712
4.326158 1713
4.339315 1714
4.348531 1715
4.350892 1716
4.365342 1717
4.375352 1718
4.38199 1719
4.387592 1720
4.398291 1721
4.399706 1722
4.399871 1723
4.403668 1724
4.407325 1725
4.407879 1726
4.408559 1727
4.415499 1728
4.433185 1729
4.43485 1730
4.437341 1731
4.446129 1732
4.456914 1733
4.457459 1734
4.45916 1735
4.467503 1736
4.480138 1737
4.48995 1738
4.501823 1739
4.525242 1740
4.525814 1741
4.525969 1742
4.52629 1743
4.535287 1744
4.537854 1745
4.539646 1746
4.540737 1747
4.543613 1748
4.550459 1749
4.558378 1750
4.564976 1751
4.573112 1752
4.588582 1753
4.592521 1754
4.593552 1755
4.612916 1756
4.614638 1757
4.63185 1758
4.632163 1759
4.64865 1760
4.651823 1761
4.659578 1762
4.660186 1763
4.662487 1764
4.680957 1765
4.685712 1766
4.688838 1767
4.694419 1768
4.701268 1769
4.70162 1770
4.712498 1771
4.714035 1772
4.715211 1773
4.71712 1774
4.719347 1775
4.730006 1776
4.748621 1777
4.7552 1778
4.757103 1779
4.766444 1780
4.773036 1781
4.775354 1782
4.777521 1783
4.778591 1784
4.795706 1785
4.799732 1786
4.806674 1787
4.807442 1788
4.809068 1789
4.810244 1790
4.83441 1791
4.835261 1792
4.851924 1793
4.860005 1794
4.878035 1795
4.884362 1796
4.886823 1797
4.897691 1798
4.911204 1799
4.911213 1800
4.918667 1801
4.923625 1802
4.924326 1803
4.926596 1804
4.936574 1805
4.938716 1806
4.948717 1807
4.949682 1808
4.952926 1809
4.958126 1810
4.95825 1811
4.959082 1812
4.959459 1813
4.965312 1814
4.975108 1815
4.988665 1816
4.9889 1817
4.989202 1818
5.005801 1819
5.007892 1820
5.03411 1821
5.046862 1822
5.047302 1823
5.062379 1824
5.079135 1825
5.085127 1826
5.094992 1827
5.09532 1828
5.103021 1829
5.104328 1830
5.106259 1831
5.117145 1832
5.124745 1833
5.128305 1834
5.129446 1835
5.13004 1836
5.13486 1837
5.137438 1838
5.151766 1839
5.152415 1840
5.159342 1841
5.16542 1842
5.172357 1843
5.178937 1844
5.180519 1845
5.185585 1846
5.185715 1847
5.191016 1848
5.192167 1849
5.201916 1850
5.211543 1851
5.211976 1852
5.212476 1853
5.216059 1854
5.23178 1855
5.234178 1856
5.235318 1857
5.241896 1858
5.248115 1859
5.25041 1860
5.250595 1861
5.255055 1862
5.259631 1863
5.269258 1864
5.272706 1865
5.281037 1866
5.283042 1867
5.286696 1868
5.300402 1869
5.301173 1870
5.308202 1871
5.320063 1872
5.350537 1873
5.353315 1874
5.364871 1875
5.36658 1876
5.369745 1877
5.390316 1878
5.391791 1879
5.39204 1880
5.400592 1881
5.420848 1882
5.421093 1883
5.438536 1884
5.467861 1885
5.470914 1886
5.4774 1887
5.483715 1888
5.486652 1889
5.494979 1890
5.528332 1891
5.540327 1892
5.541149 1893
5.546268 1894
5.546637 1895
5.552301 1896
5.552874 1897
5.556738 1898
5.573674 1899
5.600072 1900
5.612994 1901
5.619782 1902
5.629615 1903
5.634442 1904
5.638718 1905
5.648606 1906
5.666577 1907
5.671031 1908
5.677613 1909
5.678211 1910
5.678827 1911
5.697915 1912
5.700891 1913
5.709607 1914
5.718896 1915
5.729238 1916
5.749338 1917
5.749903 1918
5.771291 1919
5.782447 1920
5.785125 1921
5.791536 1922
5.794634 1923
5.802258 1924
5.804971 1925
5.81117 1926
5.81427 1927
5.835669 1928
5.840244 1929
5.850851 1930
5.854419 1931
5.858473 1932
5.867021 1933
5.877652 1934
5.893175 1935
5.899795 1936
5.909317 1937
5.91452 1938
5.931696 1939
5.946241 1940
5.967777 1941
5.969745 1942
5.984666 1943
5.995072 1944
5.995744 1945
5.9973 1946
6.012477 1947
6.027661 1948
6.02932 1949
6.034269 1950
6.047787 1951
6.051517 1952
6.057564 1953
6.067795 1954
6.068747 1955
6.069599 1956
6.086376 1957
6.11044 1958
6.127588 1959
6.159312 1960
6.187321 1961
6.195489 1962
6.19784 1963
6.203326 1964
6.204681 1965
6.206525 1966
6.221862 1967
6.227405 1968
6.228761 1969
6.243312 1970
6.270675 1971
6.271228 1972
6.296354 1973
6.344682 1974
6.373399 1975
6.376887 1976
6.396383 1977
6.399092 1978
6.40309 1979
6.408473 1980
6.409374 1981
6.426656 1982
6.428464 1983
6.430191 1984
6.43308 1985
6.456613 1986
6.481352 1987
6.483255 1988
6.489085 1989
6.489519 1990
6.493545 1991
6.513039 1992
6.516369 1993
6.536263 1994
6.541287 1995
6.554357 1996
6.562555 1997
6.570181 1998
6.58514 1999
6.589256 2000
6.596736 2001
6.604279 2002
6.619077 2003
6.623776 2004
6.646158 2005
6.664689 2006
6.704848 2007
6.719458 2008
6.721017 2009
6.724942 2010
6.737529 2011
6.768628 2012
6.778391 2013
6.802511 2014
6.811725 2015
6.82996 2016
6.836492 2017
6.857769 2018
6.866043 2019
6.869468 2020
6.872903 2021
6.933536 2022
6.933706 2023
6.956626 2024
6.958566 2025
6.962057 2026
6.97296 2027
7.002276 2028
7.011228 2029
7.031294 2030
7.052299 2031
7.058867 2032
7.060613 2033
7.091606 2034
7.095877 2035
7.101307 2036
7.105949 2037
7.108356 2038
7.114686 2039
7.14712 2040
7.161265 2041
7.179529 2042
7.198757 2043
7.206501 2044
7.217828 2045
7.240545 2046
7.247034 2047
7.283041 2048
7.30966 2049
7.310996 2050
7.318716 2051
7.321492 2052
7.329331 2053
7.34064 2054
7.36746 2055
7.377165 2056
7.379757 2057
7.380477 2058
7.402738 2059
7.411878 2060
7.423542 2061
7.445778 2062
7.456396 2063
7.493282 2064
7.49535 2065
7.499947 2066
7.507864 2067
7.518348 2068
7.527709 2069
7.543683 2070
7.566511 2071
7.586696 2072
7.587235 2073
7.636306 2074
7.63648 2075
7.641644 2076
7.642336 2077
7.643352 2078
7.660993 2079
7.661758 2080
7.664531 2081
7.665762 2082
7.691167 2083
7.696204 2084
7.705631 2085
7.73839 2086
7.74366 2087
7.754727 2088
7.75895 2089
7.75898 2090
7.761591 2091
7.763459 2092
7.792545 2093
7.801424 2094
7.801701 2095
7.804127 2096
7.82156 2097
7.845988 2098
7.853893 2099
7.878368 2100
7.912587 2101
7.923338 2102
7.953913 2103
7.954266 2104
7.972558 2105
8.013107 2106
8.022162 2107
8.027102 2108
8.133133 2109
8.165747 2110
8.169066 2111
8.193744 2112
8.208476 2113
8.216659 2114
8.266372 2115
8.272663 2116
8.275804 2117
8.276523 2118
8.279247 2119
8.282888 2120
8.313601 2121
8.322619 2122
8.349271 2123
8.353638 2124
8.369854 2125
8.408856 2126
8.426626 2127
8.523157 2128
8.527872 2129
8.528653 2130
8.540443 2131
8.573391 2132
8.596921 2133
8.611484 2134
8.613782 2135
8.641666 2136
8.648345 2137
8.679594 2138
8.755354 2139
8.761622 2140
8.767767 2141
8.927611 2142
8.986491 2143
8.993132 2144
9.004508 2145
9.022107 2146
9.05149 2147
9.11974 2148
9.222129 2149
9.273337 2150
9.392998 2151
9.404736 2152
9.442687 2153
9.478388 2154
9.642447 2155
9.705078 2156
9.764738 2157
9.788789 2158
9.829073 2159
9.875519 2160
9.943495 2161
9.959657 2162
10.009522 2163
10.027022 2164
10.360203 2165
11.011562 2166
11.575912 2167
11.754265 2168
