time solved
0.0 0
0.05 44
0.1 46
0.15 46
0.2 53
0.25 67
0.3 115
0.35 176
0.4 258
0.45 341
0.5 421
0.55 502
0.6 579
0.65 660
0.7 738
0.75 792
0.8 850
0.85 908
0.9 963
0.95 1006
1.0 1044
1.05 1086
1.1 1112
1.15 1145
1.2 1164
1.25 1192
1.3 1219
1.35 1241
1.4 1271
1.45 1295
1.5 1329
1.55 1355
1.6 1376
1.65 1388
1.7 1404
1.75 1416
1.8 1434
1.85 1443
1.9 1452
1.95 1472
2.0 1488
2.05 1498
2.1 1507
2.15 1518
2.2 1525
2.25 1530
2.3 1537
2.35 1545
2.4 1548
2.45 1557
2.5 1563
2.55 1574
2.6 1587
2.65 1595
2.7 1604
2.75 1612
2.8 1619
2.85 1625
2.9 1630
2.95 1637
3.0 1646
3.05 1650
3.1 1658
3.15 1664
3.2 1671
3.25 1676
3.3 1681
3.35 1682
3.4 1684
3.45 1686
3.5 1692
3.55 1695
3.6 1702
3.65 1706
3.7 1709
3.75 1711
3.8 1714
3.85 1715
3.9 1718
3.95 1724
4.0 1727
4.05 1728
4.1 1732
4.15 1736
4.2 1740
4.25 1745
4.3 1751
4.35 1757
4.4 1760
4.45 1765
4.5 1768
4.55 1772
4.6 1777
4.65 1780
4.7 1781
4.75 1781
4.8 1785
4.85 1788
4.9 1793
4.95 1795
5.0 1798
5.05 1802
5.1 1804
5.15 1804
5.2 1806
5.25 1810
5.3 1811
5.35 1812
5.4 1813
5.45 1814
5.5 1818
5.55 1822
5.6 1824
5.65 1827
5.7 1828
5.75 1828
5.8 1829
5.85 1830
5.9 1832
5.95 1833
6.0 1835
6.05 1836
6.1 1839
6.15 1841
6.2 1844
6.25 1846
6.3 1846
6.35 1850
6.4 1853
6.45 1855
6.5 1858
6.55 1858
6.6 1858
6.65 1858
6.7 1858
6.75 1858
6.8 1861
6.85 1862
6.9 1863
6.95 1867
7.0 1867
7.05 1868
7.1 1870
7.15 1870
7.2 1872
7.25 1875
7.3 1877
7.35 1880
7.4 1881
7.45 1883
7.5 1884
7.55 1885
7.6 1885
7.65 1887
7.7 1890
7.75 1891
7.8 1893
7.85 1893
7.9 1893
7.95 1896
8.0 1898
8.05 1898
8.1 1902
8.15 1902
8.2 1905
8.25 1907
8.3 1908
8.35 1908
8.4 1908
8.45 1908
8.5 1908
8.55 1909
8.6 1909
8.65 1909
8.7 1909
8.75 1909
8.8 1914
8.85 1915
8.9 1916
8.95 1917
9.0 1918
9.05 1920
9.1 1921
9.15 1922
9.2 1923
9.25 1926
9.3 1926
9.35 1927
9.4 1927
9.45 1927
9.5 1928
9.55 1928
9.6 1928
9.65 1929
9.7 1930
9.75 1931
9.8 1931
9.85 1931
9.9 1932
9.95 1933
10.0 1933
10.05 1933
10.1 1933
10.15 1934
10.2 1935
10.25 1936
10.3 1939
10.35 1939
10.4 1939
10.45 1939
10.5 1940
10.55 1942
10.6 1943
10.65 1944
10.7 1945
10.75 1946
10.8 1946
10.85 1947
10.9 1947
10.95 1947
11.0 1949
11.05 1949
11.1 1949
11.15 1950
11.2 1951
11.25 1952
11.3 1953
11.35 1953
11.4 1953
11.45 1955
11.5 1955
11.55 1955
11.6 1956
11.65 1956
11.7 1957
11.75 1957
11.8 1958
11.85 1958
11.9 1958
11.95 1958
12.0 1958
12.05 1960
12.1 1960
12.15 1961
12.2 1961
12.25 1962
12.3 1962
12.35 1963
12.4 1963
12.45 1964
12.5 1964
12.55 1964
12.6 1964
12.65 1964
12.7 1964
12.75 1964
12.8 1964
12.85 1965
12.9 1965
12.95 1965
13.0 1967
13.05 1968
13.1 1968
13.15 1968
13.2 1968
13.25 1968
13.3 1968
13.35 1969
13.4 1969
13.45 1970
13.5 1971
13.55 1972
13.6 1972
13.65 1972
13.7 1973
13.75 1974
13.8 1974
13.85 1974
13.9 1975
13.95 1975
14.0 1977
14.05 1978
14.1 1979
14.15 1981
14.2 1983
14.25 1986
14.3 1986
14.35 1987
14.4 1987
14.45 1987
14.5 1988
14.55 1988
14.6 1988
14.65 1988
14.7 1989
14.75 1990
14.8 1990
14.85 1991
14.9 1991
14.95 1991
15.0 1991
15.05 1992
15.1 1992
15.15 1993
15.2 1994
15.25 1994
15.3 1995
15.35 1995
15.4 1995
15.45 1995
15.5 1996
15.55 1998
15.6 1998
15.65 1998
15.7 1999
15.75 2000
15.8 2000
15.85 2000
15.9 2000
15.95 2000
16.0 2000
16.05 2001
16.1 2003
16.15 2005
16.2 2005
16.25 2006
16.3 2007
16.35 2008
16.4 2010
16.45 2010
16.5 2010
16.55 2010
16.6 2010
16.65 2010
16.7 2010
16.75 2010
16.8 2010
16.85 2010
16.9 2011
16.95 2012
17.0 2013
17.05 2013
17.1 2013
17.15 2013
17.2 2013
17.25 2013
17.3 2015
17.35 2015
17.4 2016
17.45 2017
17.5 2017
17.55 2017
17.6 2018
17.65 2018
17.7 2018
17.75 2018
17.8 2018
17.85 2018
17.9 2019
17.95 2019
18.0 2019
18.05 2019
18.1 2019
18.15 2019
18.2 2019
18.25 2019
18.3 2021
18.35 2022
18.4 2022
18.45 2022
18.5 2022
18.55 2022
18.6 2023
18.65 2024
18.7 2024
18.75 2024
18.8 2025
18.85 2025
18.9 2025
18.95 2025
19.0 2025
19.05 2027
19.1 2027
19.15 2027
19.2 2027
19.25 2027
19.3 2027
19.35 2027
19.4 2027
19.45 2028
19.5 2028
19.55 2029
19.6 2029
19.65 2030
19.7 2030
19.75 2031
19.8 2033
19.85 2034
19.9 2034
19.95 2034
20.0 2034
20.05 2036
20.1 2036
20.15 2036
20.2 2036
20.25 2036
20.3 2037
20.35 2037
20.4 2039
20.45 2040
20.5 2041
20.55 2041
20.6 2041
20.65 2041
20.7 2041
20.75 2041
20.8 2041
20.85 2042
20.9 2042
20.95 2042
21.0 2042
21.05 2042
21.1 2042
21.15 2043
21.2 2043
21.25 2043
21.3 2044
21.35 2045
21.4 2045
21.45 2045
21.5 2045
21.55 2046
21.6 2048
21.65 2050
21.7 2050
21.75 2051
21.8 2051
21.85 2051
21.9 2051
21.95 2051
22.0 2051
22.05 2051
22.1 2051
22.15 2051
22.2 2051
22.25 2051
22.3 2051
22.35 2051
22.4 2051
22.45 2051
22.5 2051
22.55 2051
22.6 2051
22.65 2051
22.7 2051
22.75 2052
22.8 2052
22.85 2052
22.9 2053
22.95 2053
23.0 2053
23.05 2053
23.1 2054
23.15 2054
23.2 2055
23.25 2055
23.3 2056
23.35 2056
23.4 2056
23.45 2056
23.5 2056
23.55 2056
23.6 2056
23.65 2056
23.7 2056
23.75 2056
23.8 2057
23.85 2058
23.9 2058
23.95 2058
24.0 2058
24.05 2059
24.1 2059
24.15 2060
24.2 2060
24.25 2060
24.3 2060
24.35 2060
24.4 2060
24.45 2061
24.5 2063
24.55 2064
24.6 2064
24.65 2064
24.7 2064
24.75 2064
24.8 2065
24.85 2065
24.9 2065
24.95 2065
25.0 2065
25.05 2065
25.1 2065
25.15 2065
25.2 2066
25.25 2067
25.3 2067
25.35 2067
25.4 2067
25.45 2067
25.5 2067
25.55 2067
25.6 2067
25.65 2067
25.7 2067
25.75 2067
25.8 2067
25.85 2067
25.9 2067
25.95 2067
26.0 2067
26.05 2069
26.1 2070
26.15 2070
26.2 2070
26.25 2070
26.3 2071
26.35 2072
26.4 2072
26.45 2072
26.5 2073
26.55 2073
26.6 2073
26.65 2074
26.7 2074
26.75 2074
26.8 2074
26.85 2074
26.9 2074
26.95 2075
27.0 2077
27.05 2078
27.1 2078
27.15 2078
27.2 2078
27.25 2078
27.3 2078
27.35 2078
27.4 2078
27.45 2078
27.5 2079
27.55 2079
27.6 2080
27.65 2081
27.7 2081
27.75 2081
27.8 2081
27.85 2081
27.9 2081
27.95 2081
28.0 2081
28.05 2082
28.1 2083
28.15 2083
28.2 2083
28.25 2083
28.3 2083
28.35 2083
28.4 2083
28.45 2084
28.5 2084
28.55 2084
28.6 2084
28.65 2085
28.7 2085
28.75 2085
28.8 2085
28.85 2085
28.9 2085
28.95 2085
29.0 2086
29.05 2088
29.1 2089
29.15 2089
29.2 2089
29.25 2089
29.3 2089
29.35 2089
29.4 2090
29.45 2091
29.5 2092
29.55 2094
29.6 2097
29.65 2098
29.7 2099
29.75 2100
29.8 2106
29.85 2114
29.9 2115
29.95 2120
30.0 2124
30.05 2126
30.1 2126
30.15 2131
30.2 2131
30.25 2135
30.3 2142
30.35 2144
30.4 2151
30.45 2155
30.5 2157
30.55 2160
30.6 2163
30.65 2168
30.7 2169
30.75 2173
30.8 2173
30.85 2176
30.9 2181
30.95 2183
31.0 2184
31.05 2187
31.1 2187
31.15 2189
31.2 2193
31.25 2196
31.3 2196
31.35 2200
31.4 2206
31.45 2206
31.5 2206
31.55 2207
31.6 2208
31.65 2212
31.7 2213
31.75 2214
31.8 2216
31.85 2217
31.9 2217
31.95 2221
32.0 2224
32.05 2225
32.1 2226
32.15 2226
32.2 2227
32.25 2227
32.3 2230
32.35 2231
32.4 2232
32.45 2232
32.5 2233
32.55 2233
32.6 2234
32.65 2235
32.7 2236
32.75 2237
32.8 2239
32.85 2241
32.9 2244
32.95 2245
33.0 2245
33.05 2247
33.1 2247
33.15 2248
33.2 2248
33.25 2248
33.3 2250
33.35 2252
33.4 2255
33.45 2255
33.5 2255
33.55 2256
33.6 2257
33.65 2258
33.7 2258
33.75 2259
33.8 2259
33.85 2260
33.9 2261
33.95 2262
34.0 2262
34.05 2262
34.1 2264
34.15 2264
34.2 2265
34.25 2266
34.3 2266
34.35 2266
34.4 2266
34.45 2266
34.5 2267
34.55 2267
34.6 2267
34.65 2268
34.7 2268
34.75 2269
34.8 2271
34.85 2271
34.9 2272
34.95 2272
35.0 2272
35.05 2272
35.1 2272
35.15 2274
35.2 2274
35.25 2274
35.3 2275
35.35 2276
35.4 2276
35.45 2277
35.5 2277
35.55 2277
35.6 2277
35.65 2278
35.7 2280
35.75 2280
35.8 2281
35.85 2281
35.9 2281
35.95 2281
36.0 2282
36.05 2282
36.1 2283
36.15 2283
36.2 2283
36.25 2283
36.3 2283
36.35 2283
36.4 2284
36.45 2284
36.5 2285
36.55 2285
36.6 2285
36.65 2288
36.7 2288
36.75 2289
36.8 2291
36.85 2292
36.9 2292
36.95 2292
37.0 2294
37.05 2295
37.1 2295
37.15 2296
37.2 2297
37.25 2297
37.3 2299
37.35 2299
37.4 2300
37.45 2300
37.5 2301
37.55 2301
37.6 2302
37.65 2303
37.7 2303
37.75 2303
37.8 2303
37.85 2303
37.9 2304
37.95 2304
38.0 2304
38.05 2305
38.1 2305
38.15 2305
38.2 2305
38.25 2305
38.3 2305
38.35 2306
38.4 2306
38.45 2307
38.5 2308
38.55 2308
38.6 2308
38.65 2308
38.7 2308
38.75 2308
38.8 2309
38.85 2309
38.9 2309
38.95 2309
39.0 2309
39.05 2310
39.1 2310
39.15 2312
39.2 2312
39.25 2313
39.3 2313
39.35 2314
39.4 2314
39.45 2314
39.5 2314
39.55 2315
39.6 2316
39.65 2317
39.7 2317
39.75 2318
39.8 2318
39.85 2318
39.9 2318
39.95 2318
40.0 2319
40.05 2320
40.1 2320
40.15 2320
40.2 2320
40.25 2320
40.3 2320
40.35 2320
40.4 2322
40.45 2323
40.5 2325
40.55 2325
40.6 2326
40.65 2326
40.7 2326
40.75 2327
40.8 2327
40.85 2327
40.9 2327
40.95 2328
41.0 2328
41.05 2328
41.1 2329
41.15 2329
41.2 2330
41.25 2332
41.3 2332
41.35 2333
41.4 2333
41.45 2333
41.5 2333
41.55 2333
41.6 2333
41.65 2333
41.7 2333
41.75 2333
41.8 2333
41.85 2334
41.9 2335
41.95 2336
42.0 2336
42.05 2336
42.1 2336
42.15 2337
42.2 2337
42.25 2337
42.3 2338
42.35 2339
42.4 2339
42.45 2339
42.5 2339
42.55 2339
42.6 2339
42.65 2339
42.7 2339
42.75 2339
42.8 2339
42.85 2339
42.9 2339
42.95 2339
43.0 2339
43.05 2339
43.1 2339
43.15 2339
43.2 2339
43.25 2339
43.3 2339
43.35 2341
43.4 2341
43.45 2341
43.5 2341
43.55 2342
43.6 2342
43.65 2343
43.7 2346
43.75 2346
43.8 2347
43.85 2347
43.9 2350
43.95 2351
44.0 2352
44.05 2352
44.1 2353
44.15 2356
44.2 2359
44.25 2359
44.3 2359
44.35 2361
44.4 2362
44.45 2362
44.5 2363
44.55 2364
44.6 2365
44.65 2366
44.7 2367
44.75 2368
44.8 2369
44.85 2369
44.9 2369
44.95 2370
45.0 2370
45.05 2372
45.1 2372
45.15 2372
45.2 2374
45.25 2374
45.3 2374
45.35 2374
45.4 2374
45.45 2374
45.5 2375
45.55 2376
45.6 2376
45.65 2376
45.7 2376
45.75 2376
45.8 2377
45.85 2377
45.9 2378
45.95 2380
46.0 2381
46.05 2381
46.1 2381
46.15 2381
46.2 2381
46.25 2381
46.3 2382
46.35 2382
46.4 2382
46.45 2382
46.5 2383
46.55 2383
46.6 2384
46.65 2384
46.7 2384
46.75 2384
46.8 2385
46.85 2385
46.9 2385
46.95 2385
47.0 2386
47.05 2386
47.1 2386
47.15 2387
47.2 2388
47.25 2388
47.3 2388
47.35 2388
47.4 2391
47.45 2393
47.5 2394
47.55 2395
47.6 2395
47.65 2395
47.7 2395
47.75 2396
47.8 2400
47.85 2401
47.9 2403
47.95 2403
48.0 2403
48.05 2405
48.1 2405
48.15 2405
48.2 2406
48.25 2407
48.3 2409
48.35 2409
48.4 2409
48.45 2410
48.5 2410
48.55 2410
48.6 2411
48.65 2411
48.7 2412
48.75 2413
48.8 2414
48.85 2414
48.9 2417
48.95 2417
49.0 2417
49.05 2417
49.1 2417
49.15 2418
49.2 2418
49.25 2418
49.3 2418
49.35 2419
49.4 2419
49.45 2419
49.5 2420
49.55 2420
49.6 2420
49.65 2420
49.7 2420
49.75 2420
49.8 2420
49.85 2420
49.9 2421
49.95 2423
50.0 2423
50.05 2424
50.1 2425
50.15 2425
50.2 2425
50.25 2425
50.3 2426
50.35 2426
50.4 2426
50.45 2426
50.5 2427
50.55 2428
50.6 2428
50.65 2428
50.7 2428
50.75 2430
50.8 2430
50.85 2430
50.9 2430
50.95 2430
51.0 2430
51.05 2431
51.1 2432
51.15 2433
51.2 2433
51.25 2433
51.3 2433
51.35 2433
51.4 2434
51.45 2434
51.5 2434
51.55 2434
51.6 2434
51.65 2434
51.7 2434
51.75 2434
51.8 2434
51.85 2435
51.9 2436
51.95 2436
52.0 2437
52.05 2437
52.1 2437
52.15 2438
52.2 2438
52.25 2439
52.3 2439
52.35 2439
52.4 2439
52.45 2439
52.5 2439
52.55 2439
52.6 2439
52.65 2440
52.7 2440
52.75 2440
52.8 2440
52.85 2440
52.9 2440
52.95 2440
53.0 2440
53.05 2440
53.1 2440
53.15 2440
53.2 2440
53.25 2440
53.3 2440
53.35 2441
53.4 2442
53.45 2443
53.5 2444
53.55 2446
53.6 2447
53.65 2447
53.7 2448
53.75 2448
53.8 2450
53.85 2451
53.9 2452
53.95 2452
54.0 2453
54.05 2453
54.1 2454
54.15 2454
54.2 2454
54.25 2454
54.3 2455
54.35 2456
54.4 2456
54.45 2456
54.5 2459
54.55 2461
54.6 2463
54.65 2466
54.7 2466
54.75 2466
54.8 2468
54.85 2469
54.9 2470
54.95 2470
55.0 2470
55.05 2471
55.1 2472
55.15 2473
55.2 2474
55.25 2474
55.3 2474
55.35 2475
55.4 2475
55.45 2475
55.5 2476
55.55 2476
55.6 2476
55.65 2478
55.7 2478
55.75 2478
55.8 2478
55.85 2480
55.9 2480
55.95 2482
56.0 2482
56.05 2484
56.1 2484
56.15 2485
56.2 2485
56.25 2485
56.3 2486
56.35 2487
56.4 2487
56.45 2487
56.5 2487
56.55 2487
56.6 2488
56.65 2488
56.7 2488
56.75 2488
56.8 2488
56.85 2489
56.9 2489
56.95 2489
57.0 2489
57.05 2489
57.1 2490
57.15 2491
57.2 2491
57.25 2491
57.3 2491
57.35 2492
57.4 2492
57.45 2492
57.5 2492
57.55 2492
57.6 2492
57.65 2492
57.7 2492
57.75 2492
57.8 2492
57.85 2492
57.9 2492
57.95 2492
58.0 2492
58.05 2492
58.1 2492
58.15 2492
58.2 2492
58.25 2492
58.3 2492
58.35 2492
58.4 2492
58.45 2492
58.5 2492
58.55 2492
58.6 2492
58.65 2493
58.7 2493
58.75 2493
58.8 2493
58.85 2493
58.9 2493
58.95 2493
59.0 2493
59.05 2493
59.1 2493
59.15 2493
59.2 2494
59.25 2494
59.3 2494
59.35 2494
59.4 2494
59.45 2494
59.5 2494
59.55 2494
59.6 2494
59.65 2494
59.7 2494
59.75 2494
59.8 2494
59.85 2494
59.9 2494
59.95 2494
60.0 2494
