oplen solved
1 52.9411764706
2 37.2495446266
3 44.8008849558
4 31.847133758
5 24.2299794661
6 27.3615635179
7 21.3235294118
8 19.3548387097
9 13.0434782609
10 13.7931034483
11 19.8275862069
12 11.1111111111
13 6.89655172414
14 6.15384615385
15 8.0
16 9.09090909091
17 2.43902439024
18 7.14285714286
19 0.0
20 0.0
21 3.22580645161
22 0.0
23 0.0
24 5.88235294118
25 0.0
26 0.0
27 6.25
28 0.0
29 0.0
30 0.0
31 16.6666666667
32 0.0
33 12.5
34 0.0
35 0.0
36 0.0
37 0.0
38 0.0
39 0.0
40 0.0
41 16.6666666667
42 0.0
43 0.0
44 0.0
45 0.0
46 0.0
47 0.0
48 0.0
49 0.0
50 nan
