oplen solved
1 88.7883358472
2 84.5173041894
3 76.9911504425
4 68.949044586
5 57.9055441478
6 57.654723127
7 47.0588235294
8 43.0107526882
9 41.3043478261
10 31.0344827586
11 28.4482758621
12 22.2222222222
13 19.5402298851
14 13.8461538462
15 20.0
16 16.3636363636
17 12.1951219512
18 11.9047619048
19 6.25
20 12.5
21 9.67741935484
22 0.0
23 11.7647058824
24 0.0
25 0.0
26 11.1111111111
27 6.25
28 0.0
29 0.0
30 0.0
31 33.3333333333
32 0.0
33 0.0
34 0.0
35 0.0
36 0.0
37 0.0
38 0.0
39 0.0
40 0.0
41 0.0
42 0.0
43 0.0
44 0.0
45 0.0
46 0.0
47 0.0
48 0.0
49 0.0
50 nan
