time solved
0.0 0
0.05 147
0.1 829
0.15 1389
0.2 1634
0.25 1765
0.3 1968
0.35 2108
0.4 2253
0.45 2353
0.5 2444
0.55 2542
0.6 2617
0.65 2690
0.7 2755
0.75 2816
0.8 2865
0.85 2923
0.9 2967
0.95 3008
1.0 3046
1.05 3080
1.1 3122
1.15 3157
1.2 3186
1.25 3227
1.3 3245
1.35 3277
1.4 3302
1.45 3319
1.5 3349
1.55 3377
1.6 3401
1.65 3428
1.7 3453
1.75 3474
1.8 3488
1.85 3519
1.9 3539
1.95 3550
2.0 3568
2.05 3593
2.1 3607
2.15 3622
2.2 3636
2.25 3648
2.3 3666
2.35 3678
2.4 3692
2.45 3708
2.5 3720
2.55 3731
2.6 3739
2.65 3747
2.7 3753
2.75 3766
2.8 3784
2.85 3793
2.9 3800
2.95 3805
3.0 3817
3.05 3827
3.1 3837
3.15 3844
3.2 3850
3.25 3860
3.3 3871
3.35 3882
3.4 3888
3.45 3895
3.5 3902
3.55 3911
3.6 3918
3.65 3926
3.7 3932
3.75 3936
3.8 3938
3.85 3944
3.9 3948
3.95 3956
4.0 3966
4.05 3977
4.1 3979
4.15 3983
4.2 3985
4.25 3992
4.3 4002
4.35 4011
4.4 4022
4.45 4025
4.5 4027
4.55 4032
4.6 4035
4.65 4039
4.7 4046
4.75 4052
4.8 4053
4.85 4056
4.9 4060
4.95 4064
5.0 4069
5.05 4071
5.1 4075
5.15 4083
5.2 4090
5.25 4094
5.3 4097
5.35 4100
5.4 4104
5.45 4107
5.5 4108
5.55 4112
5.6 4118
5.65 4121
5.7 4121
5.75 4125
5.8 4130
5.85 4131
5.9 4135
5.95 4137
6.0 4142
6.05 4146
6.1 4148
6.15 4150
6.2 4152
6.25 4155
6.3 4158
6.35 4159
6.4 4164
6.45 4167
6.5 4171
6.55 4175
6.6 4177
6.65 4181
6.7 4185
6.75 4189
6.8 4198
6.85 4201
6.9 4201
6.95 4203
7.0 4206
7.05 4211
7.1 4212
7.15 4213
7.2 4213
7.25 4216
7.3 4220
7.35 4224
7.4 4227
7.45 4228
7.5 4228
7.55 4230
7.6 4234
7.65 4234
7.7 4235
7.75 4235
7.8 4235
7.85 4238
7.9 4238
7.95 4239
8.0 4242
8.05 4245
8.1 4248
8.15 4250
8.2 4252
8.25 4253
8.3 4256
8.35 4256
8.4 4259
8.45 4259
8.5 4259
8.55 4262
8.6 4264
8.65 4265
8.7 4265
8.75 4265
8.8 4266
8.85 4269
8.9 4273
8.95 4273
9.0 4275
9.05 4276
9.1 4277
9.15 4278
9.2 4278
9.25 4279
9.3 4283
9.35 4284
9.4 4288
9.45 4293
9.5 4293
9.55 4294
9.6 4295
9.65 4296
9.7 4297
9.75 4297
9.8 4300
9.85 4301
9.9 4302
9.95 4304
10.0 4305
10.05 4306
10.1 4306
10.15 4308
10.2 4309
10.25 4310
10.3 4312
10.35 4314
10.4 4316
10.45 4319
10.5 4322
10.55 4325
10.6 4325
10.65 4325
10.7 4328
10.75 4330
10.8 4332
10.85 4334
10.9 4334
10.95 4337
11.0 4338
11.05 4339
11.1 4341
11.15 4345
11.2 4345
11.25 4346
11.3 4348
11.35 4349
11.4 4349
11.45 4350
11.5 4350
11.55 4350
11.6 4352
11.65 4353
11.7 4355
11.75 4357
11.8 4358
11.85 4358
11.9 4359
11.95 4359
12.0 4360
12.05 4361
12.1 4362
12.15 4365
12.2 4365
12.25 4367
12.3 4370
12.35 4370
12.4 4370
12.45 4371
12.5 4373
12.55 4374
12.6 4375
12.65 4378
12.7 4379
12.75 4383
12.8 4385
12.85 4387
12.9 4391
12.95 4392
13.0 4392
13.05 4393
13.1 4393
13.15 4394
13.2 4394
13.25 4395
13.3 4397
13.35 4398
13.4 4400
13.45 4402
13.5 4402
13.55 4404
13.6 4406
13.65 4406
13.7 4407
13.75 4408
13.8 4408
13.85 4408
13.9 4408
13.95 4408
14.0 4410
14.05 4412
14.1 4413
14.15 4413
14.2 4415
14.25 4415
14.3 4415
14.35 4417
14.4 4418
14.45 4420
14.5 4420
14.55 4422
14.6 4425
14.65 4425
14.7 4425
14.75 4425
14.8 4426
14.85 4430
14.9 4430
14.95 4432
15.0 4432
15.05 4435
15.1 4435
15.15 4436
15.2 4437
15.25 4438
15.3 4438
15.35 4439
15.4 4440
15.45 4440
15.5 4441
15.55 4441
15.6 4442
15.65 4445
15.7 4445
15.75 4446
15.8 4446
15.85 4446
15.9 4446
15.95 4446
16.0 4448
16.05 4449
16.1 4450
16.15 4452
16.2 4454
16.25 4455
16.3 4456
16.35 4457
16.4 4458
16.45 4458
16.5 4458
16.55 4461
16.6 4461
16.65 4461
16.7 4463
16.75 4465
16.8 4466
16.85 4468
16.9 4468
16.95 4468
17.0 4469
17.05 4471
17.1 4471
17.15 4472
17.2 4473
17.25 4473
17.3 4475
17.35 4476
17.4 4476
17.45 4476
17.5 4478
17.55 4478
17.6 4479
17.65 4479
17.7 4479
17.75 4481
17.8 4481
17.85 4481
17.9 4481
17.95 4481
18.0 4482
18.05 4482
18.1 4484
18.15 4484
18.2 4484
18.25 4487
18.3 4487
18.35 4489
18.4 4490
18.45 4491
18.5 4492
18.55 4493
18.6 4494
18.65 4494
18.7 4495
18.75 4495
18.8 4495
18.85 4495
18.9 4495
18.95 4495
19.0 4495
19.05 4496
19.1 4497
19.15 4497
19.2 4497
19.25 4498
19.3 4498
19.35 4499
19.4 4499
19.45 4501
19.5 4501
19.55 4502
19.6 4502
19.65 4502
19.7 4502
19.75 4503
19.8 4503
19.85 4503
19.9 4504
19.95 4504
20.0 4504
20.05 4504
20.1 4506
20.15 4506
20.2 4508
20.25 4510
20.3 4511
20.35 4511
20.4 4511
20.45 4512
20.5 4512
20.55 4513
20.6 4515
20.65 4517
20.7 4518
20.75 4520
20.8 4520
20.85 4521
20.9 4521
20.95 4521
21.0 4521
21.05 4521
21.1 4522
21.15 4522
21.2 4522
21.25 4524
21.3 4524
21.35 4524
21.4 4524
21.45 4525
21.5 4526
21.55 4526
21.6 4527
21.65 4527
21.7 4528
21.75 4529
21.8 4530
21.85 4531
21.9 4531
21.95 4531
22.0 4532
22.05 4532
22.1 4532
22.15 4533
22.2 4533
22.25 4533
22.3 4533
22.35 4533
22.4 4533
22.45 4534
22.5 4534
22.55 4535
22.6 4535
22.65 4536
22.7 4537
22.75 4538
22.8 4539
22.85 4540
22.9 4540
22.95 4540
23.0 4541
23.05 4541
23.1 4542
23.15 4542
23.2 4542
23.25 4542
23.3 4543
23.35 4543
23.4 4543
23.45 4543
23.5 4543
23.55 4544
23.6 4544
23.65 4545
23.7 4546
23.75 4546
23.8 4546
23.85 4547
23.9 4548
23.95 4548
24.0 4549
24.05 4549
24.1 4549
24.15 4549
24.2 4550
24.25 4550
24.3 4550
24.35 4550
24.4 4552
24.45 4552
24.5 4552
24.55 4553
24.6 4553
24.65 4553
24.7 4553
24.75 4553
24.8 4553
24.85 4553
24.9 4553
24.95 4553
25.0 4553
25.05 4554
25.1 4554
25.15 4554
25.2 4555
25.25 4557
25.3 4558
25.35 4558
25.4 4559
25.45 4559
25.5 4559
25.55 4559
25.6 4559
25.65 4562
25.7 4562
25.75 4562
25.8 4564
25.85 4564
25.9 4568
25.95 4569
26.0 4569
26.05 4570
26.1 4570
26.15 4570
26.2 4571
26.25 4572
26.3 4572
26.35 4573
26.4 4573
26.45 4574
26.5 4574
26.55 4574
26.6 4575
26.65 4575
26.7 4575
26.75 4575
26.8 4577
26.85 4579
26.9 4579
26.95 4579
27.0 4579
27.05 4580
27.1 4581
27.15 4581
27.2 4581
27.25 4581
27.3 4581
27.35 4583
27.4 4583
27.45 4585
27.5 4585
27.55 4585
27.6 4585
27.65 4585
27.7 4585
27.75 4586
27.8 4586
27.85 4586
27.9 4586
27.95 4586
28.0 4586
28.05 4587
28.1 4588
28.15 4588
28.2 4588
28.25 4589
28.3 4589
28.35 4589
28.4 4589
28.45 4589
28.5 4589
28.55 4589
28.6 4589
28.65 4589
28.7 4591
28.75 4591
28.8 4591
28.85 4592
28.9 4592
28.95 4593
29.0 4593
29.05 4594
29.1 4594
29.15 4594
29.2 4594
29.25 4594
29.3 4594
29.35 4596
29.4 4597
29.45 4598
29.5 4598
29.55 4599
29.6 4599
29.65 4599
29.7 4599
29.75 4599
29.8 4600
29.85 4600
29.9 4601
29.95 4601
30.0 4601
30.05 4601
30.1 4601
30.15 4602
30.2 4603
30.25 4603
30.3 4604
30.35 4604
30.4 4604
30.45 4604
30.5 4605
30.55 4605
30.6 4606
30.65 4606
30.7 4607
30.75 4608
30.8 4608
30.85 4609
30.9 4609
30.95 4610
31.0 4612
31.05 4612
31.1 4612
31.15 4612
31.2 4613
31.25 4613
31.3 4613
31.35 4614
31.4 4615
31.45 4615
31.5 4615
31.55 4615
31.6 4616
31.65 4616
31.7 4616
31.75 4616
31.8 4617
31.85 4617
31.9 4618
31.95 4618
32.0 4618
32.05 4618
32.1 4618
32.15 4618
32.2 4618
32.25 4618
32.3 4619
32.35 4620
32.4 4622
32.45 4622
32.5 4622
32.55 4622
32.6 4622
32.65 4622
32.7 4622
32.75 4622
32.8 4623
32.85 4623
32.9 4623
32.95 4625
33.0 4625
33.05 4627
33.1 4627
33.15 4628
33.2 4628
33.25 4629
33.3 4629
33.35 4629
33.4 4629
33.45 4629
33.5 4629
33.55 4629
33.6 4629
33.65 4630
33.7 4630
33.75 4631
33.8 4632
33.85 4633
33.9 4633
33.95 4633
34.0 4633
34.05 4633
34.1 4633
34.15 4634
34.2 4634
34.25 4634
34.3 4634
34.35 4634
34.4 4635
34.45 4635
34.5 4635
34.55 4635
34.6 4635
34.65 4635
34.7 4637
34.75 4637
34.8 4637
34.85 4637
34.9 4638
34.95 4638
35.0 4638
35.05 4638
35.1 4639
35.15 4641
35.2 4642
35.25 4643
35.3 4643
35.35 4643
35.4 4643
35.45 4644
35.5 4644
35.55 4644
35.6 4645
35.65 4645
35.7 4645
35.75 4645
35.8 4645
35.85 4645
35.9 4645
35.95 4645
36.0 4645
36.05 4646
36.1 4646
36.15 4646
36.2 4646
36.25 4646
36.3 4647
36.35 4647
36.4 4647
36.45 4647
36.5 4647
36.55 4648
36.6 4648
36.65 4649
36.7 4649
36.75 4649
36.8 4649
36.85 4649
36.9 4649
36.95 4649
37.0 4649
37.05 4649
37.1 4649
37.15 4649
37.2 4649
37.25 4649
37.3 4649
37.35 4650
37.4 4650
37.45 4650
37.5 4651
37.55 4651
37.6 4651
37.65 4651
37.7 4651
37.75 4652
37.8 4652
37.85 4652
37.9 4652
37.95 4653
38.0 4653
38.05 4653
38.1 4653
38.15 4653
38.2 4653
38.25 4653
38.3 4653
38.35 4654
38.4 4654
38.45 4654
38.5 4654
38.55 4654
38.6 4654
38.65 4655
38.7 4655
38.75 4655
38.8 4655
38.85 4656
38.9 4656
38.95 4656
39.0 4656
39.05 4657
39.1 4657
39.15 4658
39.2 4658
39.25 4658
39.3 4658
39.35 4658
39.4 4660
39.45 4660
39.5 4660
39.55 4660
39.6 4660
39.65 4661
39.7 4661
39.75 4661
39.8 4662
39.85 4662
39.9 4662
39.95 4662
40.0 4662
40.05 4662
40.1 4662
40.15 4662
40.2 4662
40.25 4663
40.3 4663
40.35 4665
40.4 4665
40.45 4665
40.5 4665
40.55 4665
40.6 4665
40.65 4665
40.7 4665
40.75 4665
40.8 4665
40.85 4665
40.9 4665
40.95 4665
41.0 4665
41.05 4666
41.1 4666
41.15 4667
41.2 4667
41.25 4667
41.3 4667
41.35 4667
41.4 4667
41.45 4668
41.5 4668
41.55 4668
41.6 4668
41.65 4668
41.7 4668
41.75 4669
41.8 4669
41.85 4670
41.9 4670
41.95 4670
42.0 4670
42.05 4672
42.1 4672
42.15 4672
42.2 4672
42.25 4672
42.3 4672
42.35 4673
42.4 4673
42.45 4673
42.5 4673
42.55 4673
42.6 4673
42.65 4673
42.7 4673
42.75 4674
42.8 4675
42.85 4675
42.9 4675
42.95 4675
43.0 4675
43.05 4675
43.1 4675
43.15 4675
43.2 4676
43.25 4676
43.3 4676
43.35 4676
43.4 4676
43.45 4676
43.5 4676
43.55 4676
43.6 4676
43.65 4676
43.7 4676
43.75 4676
43.8 4676
43.85 4676
43.9 4677
43.95 4677
44.0 4678
44.05 4678
44.1 4678
44.15 4678
44.2 4678
44.25 4678
44.3 4679
44.35 4679
44.4 4679
44.45 4679
44.5 4679
44.55 4680
44.6 4681
44.65 4683
44.7 4683
44.75 4683
44.8 4683
44.85 4683
44.9 4684
44.95 4684
45.0 4685
45.05 4686
45.1 4686
45.15 4687
45.2 4687
45.25 4687
45.3 4687
45.35 4689
45.4 4689
45.45 4689
45.5 4690
45.55 4690
45.6 4690
45.65 4690
45.7 4690
45.75 4690
45.8 4690
45.85 4690
45.9 4690
45.95 4690
46.0 4691
46.05 4691
46.1 4691
46.15 4691
46.2 4691
46.25 4691
46.3 4692
46.35 4692
46.4 4692
46.45 4692
46.5 4694
46.55 4694
46.6 4694
46.65 4694
46.7 4694
46.75 4694
46.8 4694
46.85 4694
46.9 4694
46.95 4694
47.0 4694
47.05 4694
47.1 4694
47.15 4694
47.2 4695
47.25 4695
47.3 4695
47.35 4696
47.4 4696
47.45 4698
47.5 4698
47.55 4698
47.6 4698
47.65 4699
47.7 4699
47.75 4699
47.8 4699
47.85 4699
47.9 4699
47.95 4699
48.0 4699
48.05 4699
48.1 4699
48.15 4699
48.2 4699
48.25 4700
48.3 4700
48.35 4700
48.4 4700
48.45 4700
48.5 4700
48.55 4700
48.6 4700
48.65 4700
48.7 4700
48.75 4700
48.8 4700
48.85 4700
48.9 4700
48.95 4701
49.0 4701
49.05 4702
49.1 4702
49.15 4702
49.2 4702
49.25 4702
49.3 4702
49.35 4702
49.4 4702
49.45 4703
49.5 4703
49.55 4703
49.6 4703
49.65 4704
49.7 4704
49.75 4705
49.8 4705
49.85 4705
49.9 4705
49.95 4705
50.0 4705
50.05 4705
50.1 4705
50.15 4705
50.2 4705
50.25 4705
50.3 4707
50.35 4707
50.4 4707
50.45 4708
50.5 4708
50.55 4709
50.6 4709
50.65 4711
50.7 4711
50.75 4711
50.8 4711
50.85 4711
50.9 4711
50.95 4711
51.0 4711
51.05 4711
51.1 4711
51.15 4711
51.2 4711
51.25 4711
51.3 4711
51.35 4711
51.4 4712
51.45 4713
51.5 4713
51.55 4713
51.6 4713
51.65 4713
51.7 4714
51.75 4714
51.8 4715
51.85 4715
51.9 4715
51.95 4717
52.0 4717
52.05 4717
52.1 4717
52.15 4717
52.2 4717
52.25 4717
52.3 4717
52.35 4717
52.4 4718
52.45 4719
52.5 4719
52.55 4719
52.6 4719
52.65 4720
52.7 4721
52.75 4721
52.8 4721
52.85 4721
52.9 4721
52.95 4721
53.0 4721
53.05 4721
53.1 4721
53.15 4721
53.2 4721
53.25 4721
53.3 4721
53.35 4721
53.4 4721
53.45 4721
53.5 4721
53.55 4721
53.6 4721
53.65 4721
53.7 4722
53.75 4722
53.8 4722
53.85 4722
53.9 4722
53.95 4722
54.0 4722
54.05 4722
54.1 4723
54.15 4723
54.2 4723
54.25 4723
54.3 4723
54.35 4723
54.4 4723
54.45 4723
54.5 4723
54.55 4724
54.6 4724
54.65 4724
54.7 4725
54.75 4725
54.8 4725
54.85 4725
54.9 4725
54.95 4725
55.0 4725
55.05 4725
55.1 4725
55.15 4725
55.2 4725
55.25 4725
55.3 4725
55.35 4725
55.4 4725
55.45 4725
55.5 4725
55.55 4725
55.6 4725
55.65 4725
55.7 4725
55.75 4727
55.8 4727
55.85 4727
55.9 4727
55.95 4727
56.0 4728
56.05 4728
56.1 4728
56.15 4728
56.2 4728
56.25 4729
56.3 4729
56.35 4729
56.4 4729
56.45 4729
56.5 4729
56.55 4729
56.6 4730
56.65 4731
56.7 4731
56.75 4731
56.8 4731
56.85 4731
56.9 4732
56.95 4732
57.0 4732
57.05 4732
57.1 4732
57.15 4732
57.2 4732
57.25 4732
57.3 4732
57.35 4732
57.4 4732
57.45 4733
57.5 4733
57.55 4733
57.6 4733
57.65 4733
57.7 4733
57.75 4733
57.8 4733
57.85 4733
57.9 4733
57.95 4733
58.0 4733
58.05 4733
58.1 4733
58.15 4734
58.2 4735
58.25 4735
58.3 4735
58.35 4735
58.4 4735
58.45 4735
58.5 4735
58.55 4735
58.6 4735
58.65 4735
58.7 4735
58.75 4736
58.8 4736
58.85 4736
58.9 4736
58.95 4736
59.0 4737
59.05 4737
59.1 4737
59.15 4737
59.2 4737
59.25 4737
59.3 4737
59.35 4738
59.4 4738
59.45 4738
59.5 4738
59.55 4738
59.6 4739
59.65 4741
59.7 4741
59.75 4741
59.8 4741
59.85 4741
59.9 4741
59.95 4741
60.0 4741
