length proofs
1 2879.15407855
2 1336.85800604
3 1039.27492447
4 649.546827795
5 409.365558912
6 261.329305136
7 167.673716012
8 98.1873111782
9 83.081570997
10 58.9123867069
11 51.3595166163
12 18.1268882175
13 22.6586102719
14 7.55287009063
15 1.51057401813
16 1.51057401813
17 6.04229607251
18 1.51057401813
19 3.02114803625
20 1.51057401813
21 4.53172205438
22 1.51057401813
23 0.0
24 0.0
25 1.51057401813
26 6.04229607251
27 0.0
28 18.1268882175
29 16.6163141994
30 4.53172205438
31 1.51057401813
32 1.51057401813
33 0.0
34 0.0
35 0.0
36 0.0
37 1.51057401813
38 0.0
39 0.0
40 0.0
41 0.0
42 3.02114803625
43 0.0
44 0.0
45 0.0
46 0.0
47 0.0
48 0.0
49 0.0
50 0.0
